PLAYER_ID,SEASON_ID,LEAGUE_ID,TEAM_ID,TEAM_ABBREVIATION,PLAYER_AGE,GP,GS,MIN,FGM,FGA,FG_PCT,FG3M,FG3A,FG3_PCT,FTM,FTA,FT_PCT,OREB,DREB,REB,AST,STL,BLK,TOV,PF,PTS
1641735,2023-24,00,1610612766,CHA,20.0,10,0,65.0,8,24,0.333,1,8,0.125,6,7,0.857,6,3,9,7,3,0,4,2,23
1641734,2023-24,00,1610612739,CLE,20.0,15,0,133.0,15,49,0.306,10,33,0.303,1,4,0.25,1,13,14,10,1,2,8,5,41
1641710,2023-24,00,1610612753,ORL,20.0,69,33,1164.0,115,247,0.466,37,94,0.394,49,80,0.613,33,106,139,91,35,21,56,110,316
1641738,2023-24,00,1610612746,LAC,24.0,44,0,394.0,37,90,0.411,14,48,0.292,1,2,0.5,20,42,62,25,12,6,9,49,89
1641723,2023-24,00,1610612737,ATL,20.0,17,0,196.0,34,92,0.37,9,40,0.225,4,8,0.5,6,27,33,27,7,5,10,20,81
1641739,2023-24,00,1610612757,POR,24.0,70,49,1739.0,197,438,0.45,58,172,0.337,75,99,0.758,139,204,343,87,66,33,84,174,527
1630658,2023-24,00,1610612747,LAL,24.0,16,0,59.0,9,16,0.563,0,0,0.0,6,6,1.0,6,6,12,3,2,0,3,11,24
1630608,2023-24,00,1610612765,DET,22.0,1,0,3.0,0,0,0.0,0,0,0.0,0,0,0.0,0,0,0,0,0,0,0,0,0
1631321,2023-24,00,1610612759,SAS,20.0,12,0,141.0,16,33,0.485,1,12,0.083,12,15,0.8,8,14,22,10,7,3,3,18,45
1641730,2023-24,00,1610612751,BKN,19.0,23,4,370.0,50,93,0.538,12,33,0.364,21,30,0.7,26,55,81,18,8,16,15,25,133
1641731,2023-24,00,1610612764,WAS,19.0,63,15,1715.0,188,432,0.435,64,185,0.346,92,131,0.702,56,200,256,110,57,48,87,137,532
1641741,2023-24,00,1610612755,PHI,22.0,32,0,289.0,54,112,0.482,12,32,0.375,53,71,0.746,14,32,46,16,8,1,5,17,173
1641711,2023-24,00,1610612761,TOR,20.0,60,17,1268.0,189,445,0.425,88,241,0.365,44,51,0.863,27,105,132,68,34,2,50,87,510
1641745,2023-24,00,1610612760,OKC,24.0,2,0,14.0,1,7,0.143,1,6,0.167,0,0,0.0,0,0,0,4,0,0,0,0,3
1641718,2023-24,00,1610612762,UTA,20.0,75,44,2023.0,319,815,0.391,147,440,0.334,189,223,0.848,15,196,211,332,36,7,188,91,974
1631243,2023-24,00,1610612737,ATL,21.0,6,0,73.0,8,23,0.348,3,9,0.333,5,6,0.833,10,12,22,4,5,4,1,13,24
1641722,2023-24,00,1610612740,NOP,22.0,67,10,1161.0,174,456,0.382,109,298,0.366,67,80,0.838,29,119,148,70,19,7,40,72,524
1630703,2023-24,00,1610612757,POR,20.0,62,32,1765.0,307,797,0.385,87,268,0.325,167,204,0.819,53,141,194,336,48,13,212,195,868
1641707,2023-24,00,1610612762,UTA,20.0,40,23,856.0,108,240,0.45,53,140,0.379,23,29,0.793,46,139,185,32,28,30,27,77,292
1641720,2023-24,00,1610612747,LAL,21.0,21,0,109.0,10,45,0.222,2,15,0.133,12,20,0.6,2,11,13,8,3,2,9,13,34
1641724,2023-24,00,1610612753,ORL,20.0,18,0,67.0,10,30,0.333,7,25,0.28,2,4,0.5,1,6,7,6,2,2,3,4,29
1641713,2023-24,00,1610612763,MEM,19.0,48,18,1233.0,241,563,0.428,102,286,0.357,115,153,0.752,53,143,196,59,28,24,65,64,699
1641748,2023-24,00,1610612749,MIL,22.0,57,8,572.0,50,100,0.5,17,46,0.37,8,11,0.727,43,70,113,50,16,6,28,92,125
1631218,2023-24,00,1610612744,GSW,24.0,68,16,1130.0,233,332,0.702,0,1,0.0,74,132,0.561,135,206,341,82,29,76,49,108,540
1631170,2023-24,00,1610612748,MIA,23.0,75,20,2113.0,341,697,0.489,65,202,0.322,142,175,0.811,82,203,285,195,77,20,110,167,889
1641749,2023-24,00,1610612760,OKC,24.0,9,0,66.0,5,16,0.313,1,3,0.333,0,0,0.0,4,6,10,4,1,0,4,5,11
1641732,2023-24,00,1610612758,SAC,22.0,30,0,192.0,28,71,0.394,2,22,0.091,6,11,0.545,17,23,40,20,7,5,10,29,64
1641721,2023-24,00,1610612747,LAL,21.0,34,0,103.0,4,21,0.19,1,9,0.111,2,3,0.667,2,2,4,6,2,1,10,5,11
1641726,2023-24,00,1610612742,DAL,20.0,55,42,1294.0,221,296,0.747,0,2,0.0,41,81,0.506,135,243,378,60,36,77,50,144,483
1641753,2023-24,00,1610612749,MIL,20.0,21,0,91.0,11,22,0.5,1,5,0.2,3,4,0.75,3,18,21,5,2,0,5,15,26
1641754,2023-24,00,1610612737,ATL,24.0,9,0,52.0,4,17,0.235,3,13,0.231,3,4,0.75,1,6,7,0,0,0,1,6,14
1641706,2023-24,00,1610612766,CHA,21.0,74,68,2383.0,476,1083,0.44,184,493,0.373,143,173,0.827,60,255,315,175,66,42,132,184,1279
1641757,2023-24,00,1610612746,LAC,24.0,8,0,28.0,5,9,0.556,1,2,0.5,2,2,1.0,3,2,5,0,0,0,1,2,13
1631159,2023-24,00,1610612750,MIN,20.0,17,0,52.0,13,20,0.65,2,5,0.4,1,2,0.5,5,15,20,8,2,1,1,5,29
1631200,2023-24,00,1610612757,POR,23.0,62,29,1348.0,145,366,0.396,49,183,0.268,37,56,0.661,85,139,224,80,53,21,55,92,376
1641806,2023-24,00,1610612761,TOR,24.0,1,0,4.0,0,1,0.0,0,0,0.0,2,2,1.0,2,0,2,2,1,0,0,0,2
1641763,2023-24,00,1610612741,CHI,20.0,40,0,323.0,32,77,0.416,12,38,0.316,13,19,0.684,12,24,36,13,7,7,10,40,89
1629618,2023-24,00,1610612743,DEN,24.0,27,0,122.0,15,35,0.429,9,25,0.36,3,4,0.75,1,13,14,21,4,0,9,13,42
1641764,2023-24,00,1610612744,GSW,21.0,74,28,1968.0,271,597,0.454,90,234,0.385,50,79,0.633,118,309,427,273,61,14,88,122,682
1641712,2023-24,00,1610612757,POR,20.0,39,12,633.0,54,161,0.335,28,78,0.359,19,25,0.76,24,68,92,62,12,3,31,56,155
1641766,2023-24,00,1610612741,CHI,22.0,9,0,66.0,14,27,0.519,0,0,0.0,8,12,0.667,19,17,36,0,1,0,5,5,36
1631204,2023-24,00,1610612765,DET,23.0,71,11,1351.0,219,512,0.428,90,240,0.375,58,66,0.879,11,114,125,236,44,12,90,103,586
1641729,2023-24,00,1610612762,UTA,20.0,32,11,584.0,85,218,0.39,34,115,0.296,37,41,0.902,16,86,102,55,13,6,47,43,241
1641767,2023-24,00,1610612754,IND,22.0,57,1,814.0,90,229,0.393,49,156,0.314,23,26,0.885,15,74,89,53,33,2,15,88,252
1641771,2023-24,00,1610612758,SAC,24.0,12,0,37.0,4,6,0.667,0,2,0.0,0,0,0.0,1,6,7,2,1,1,2,8,8
1631173,2023-24,00,1610612755,PHI,21.0,16,0,85.0,18,46,0.391,13,35,0.371,3,5,0.6,0,4,4,12,8,0,7,8,52
1641733,2023-24,00,1610612766,CHA,20.0,51,0,729.0,113,289,0.391,63,146,0.432,13,15,0.867,18,54,72,59,10,7,39,55,302
1631124,2023-24,00,1610612743,DEN,22.0,50,0,545.0,82,222,0.369,41,138,0.297,22,31,0.71,5,56,61,47,17,7,23,54,227
1641708,2023-24,00,1610612745,HOU,21.0,62,23,1389.0,239,446,0.536,8,58,0.138,106,155,0.684,148,261,409,163,78,38,90,141,592
1641709,2023-24,00,1610612765,DET,21.0,63,38,1583.0,232,480,0.483,21,113,0.186,71,119,0.597,129,273,402,120,68,59,84,175,556
1631131,2023-24,00,1610612754,IND,24.0,8,0,42.0,10,20,0.5,0,0,0.0,6,8,0.75,8,8,16,2,2,1,0,3,26
1641816,2023-24,00,1610612743,DEN,24.0,18,0,48.0,8,20,0.4,4,14,0.286,0,0,0.0,1,8,9,2,1,0,2,10,20
1641716,2023-24,00,1610612754,IND,20.0,33,0,340.0,45,110,0.409,22,55,0.4,8,9,0.889,12,51,63,40,15,11,17,29,120
1641717,2023-24,00,1610612760,OKC,20.0,82,13,1692.0,217,442,0.491,98,234,0.419,29,37,0.784,52,135,187,120,76,37,45,129,561
1641775,2023-24,00,1610612738,BOS,20.0,9,1,83.0,6,15,0.4,2,9,0.222,1,2,0.5,5,15,20,5,5,1,3,11,15
1641705,2023-24,00,1610612759,SAS,20.0,71,71,2106.0,551,1186,0.465,128,394,0.325,292,367,0.796,161,594,755,274,88,254,260,153,1522
1641727,2023-24,00,1610612751,BKN,19.0,2,0,24.0,1,5,0.2,0,3,0.0,1,2,0.5,0,4,4,3,0,1,0,0,3
1641715,2023-24,00,1610612745,HOU,19.0,47,2,880.0,212,467,0.454,79,220,0.359,76,112,0.679,44,136,180,33,30,17,46,64,579
1630592,2023-24,00,1610612751,BKN,23.0,43,3,665.0,76,179,0.425,24,74,0.324,38,46,0.826,47,84,131,45,11,4,19,48,214
1631209,2023-24,00,1610612754,IND,23.0,1,0,4.0,1,3,0.333,0,1,0.0,0,0,0.0,0,0,0,0,0,0,0,0,2
