PLAYER_ID,SEASON_ID,LEAGUE_ID,TEAM_ID,TEAM_ABBREVIATION,PLAYER_AGE,GP,GS,MIN,FGM,FGA,FG_PCT,FG3M,FG3A,FG3_PCT,FTM,FTA,FT_PCT,OREB,DREB,REB,AST,STL,BLK,TOV,PF,PTS
Trey Alexander,2024-25,00,1610612743,DEN,21.0,20,0,85.0,7,26,0.269,2,10,0.2,3,4,0.75,0,9,9,8,1,1,3,8,19
Reece Beekman,2024-25,00,1610612744,GSW,23.0,2,0,4.0,1,1,1.0,0,0,0.0,0,0,0.0,1,0,1,1,1,0,0,1,2
Reece Beekman,2024-25,00,1610612751,BKN,23.0,26,0,296.0,21,69,0.304,5,29,0.172,6,11,0.545,4,16,20,33,18,2,16,19,53
Reece Beekman,2024-25,00,0,TOT,23.0,28,0,300.0,22,70,0.314,5,29,0.172,6,11,0.545,5,16,21,34,19,2,16,20,55
Adem Bona,2024-25,00,1610612755,PHI,21.0,46,1,552.0,66,96,0.688,0,0,0.0,39,59,0.661,56,90,146,16,12,40,32,86,171
Jalen Bridges,2024-25,00,1610612756,PHX,23.0,5,0,25.0,1,4,0.25,1,4,0.25,1,2,0.5,0,3,3,0,0,0,4,0,4
Matas Buzelis,2024-25,00,1610612741,CHI,20.0,64,15,1083.0,171,395,0.433,60,187,0.321,60,71,0.845,43,156,199,52,16,54,49,106,462
Carlton Carrington,2024-25,00,1610612764,WAS,19.0,65,43,1904.0,223,553,0.403,106,308,0.344,53,63,0.841,29,230,259,261,47,13,103,153,605
Devin Carter,2024-25,00,1610612758,SAC,22.0,22,0,214.0,30,78,0.385,12,39,0.308,20,30,0.667,12,39,51,27,6,3,11,19,92
Stephon Castle,2024-25,00,1610612759,SAS,20.0,63,29,1608.0,306,720,0.425,71,251,0.283,164,230,0.713,62,137,199,221,59,14,122,123,847
Ulrich Chomche,2024-25,00,1610612761,TOR,19.0,7,0,32.0,2,5,0.4,0,0,0.0,1,2,0.5,4,4,8,2,0,1,2,5,5
Cam Christie,2024-25,00,1610612746,LAC,19.0,6,0,31.0,4,12,0.333,2,8,0.25,1,2,0.5,1,5,6,2,2,0,2,2,11
Donovan Clingan,2024-25,00,1610612757,POR,21.0,53,23,945.0,132,240,0.55,8,30,0.267,45,73,0.616,151,230,381,53,24,86,63,147,317
Isaiah Collier,2024-25,00,1610612762,UTA,20.0,58,33,1438.0,171,417,0.41,31,131,0.237,68,105,0.648,23,159,182,357,50,12,173,126,441
Isaiah Crawford,2024-25,00,1610612758,SAC,23.0,9,0,36.0,5,9,0.556,1,4,0.25,1,2,0.5,1,7,8,0,1,1,1,1,12
N'Faly Dante,2024-25,00,1610612745,HOU,23.0,1,0,19.0,4,6,0.667,0,0,0.0,2,3,0.667,4,5,9,1,0,2,1,4,10
Rob Dillingham,2024-25,00,1610612750,MIN,20.0,41,1,486.0,89,200,0.445,25,70,0.357,8,15,0.533,12,36,48,94,18,1,50,36,211
Ryan Dunn,2024-25,00,1610612756,PHX,22.0,58,28,984.0,135,314,0.43,51,168,0.304,12,27,0.444,52,124,176,44,22,32,25,120,333
Zach Edey,2024-25,00,1610612763,MEM,22.0,51,43,1065.0,195,338,0.577,16,44,0.364,63,91,0.692,178,222,400,44,29,63,67,131,469
Justin Edwards,2024-25,00,1610612755,PHI,21.0,32,14,777.0,101,226,0.447,44,127,0.346,19,27,0.704,31,66,97,45,26,10,29,73,265
Kyle Filipowski,2024-25,00,1610612762,UTA,21.0,56,14,1083.0,174,337,0.516,52,136,0.382,66,105,0.629,77,224,301,109,32,9,70,124,466
Trentyn Flowers,2024-25,00,1610612746,LAC,20.0,2,0,16.0,4,9,0.444,0,2,0.0,1,1,1.0,1,3,4,0,0,0,1,3,9
Enrique Freeman,2024-25,00,1610612754,IND,24.0,19,1,139.0,12,25,0.48,1,6,0.167,7,13,0.538,6,13,19,8,2,2,5,18,32
Johnny Furphy,2024-25,00,1610612754,IND,20.0,40,0,271.0,23,63,0.365,11,36,0.306,9,9,1.0,17,31,48,10,13,8,9,28,66
Kyshawn George,2024-25,00,1610612764,WAS,21.0,59,29,1597.0,170,469,0.362,100,313,0.319,60,78,0.769,43,203,246,143,58,48,87,180,500
PJ Hall,2024-25,00,1610612743,DEN,23.0,16,0,49.0,7,15,0.467,0,5,0.0,3,4,0.75,4,13,17,3,0,2,2,7,17
Ariel Hukporti,2024-25,00,1610612752,NYK,22.0,25,1,217.0,21,31,0.677,0,0,0.0,6,13,0.462,14,37,51,11,1,15,21,32,48
Oso Ighodaro,2024-25,00,1610612756,PHX,22.0,45,2,638.0,66,112,0.589,0,2,0.0,19,36,0.528,37,103,140,41,18,19,26,66,151
Harrison Ingram,2024-25,00,1610612759,SAS,22.0,2,0,11.0,0,2,0.0,0,1,0.0,0,0,0.0,0,2,2,0,0,0,0,1,0
Bronny James,2024-25,00,1610612747,LAL,20.0,18,0,76.0,8,31,0.258,3,15,0.2,6,9,0.667,1,7,8,8,4,2,6,6,25
AJ Johnson,2024-25,00,1610612749,MIL,20.0,7,0,44.0,8,19,0.421,3,5,0.6,1,2,0.5,0,7,7,7,1,0,4,0,20
AJ Johnson,2024-25,00,1610612764,WAS,20.0,5,0,54.0,5,16,0.313,1,9,0.111,2,2,1.0,1,4,5,11,1,0,1,6,13
AJ Johnson,2024-25,00,0,TOT,20.0,12,0,97.0,13,35,0.371,4,14,0.286,3,4,0.75,1,11,12,18,2,0,5,6,33
Keshad Johnson,2024-25,00,1610612748,MIA,23.0,10,0,57.0,7,12,0.583,1,4,0.25,1,6,0.167,2,15,17,3,1,4,3,5,16
Dillon Jones,2024-25,00,1610612760,OKC,23.0,39,0,353.0,32,94,0.34,10,49,0.204,11,20,0.55,23,54,77,38,8,3,15,37,85
Isaac Jones,2024-25,00,1610612758,SAC,24.0,29,0,251.0,44,66,0.667,2,6,0.333,21,34,0.618,16,28,44,10,4,8,13,27,111
Bobi Klintman,2024-25,00,1610612765,DET,22.0,6,0,17.0,0,2,0.0,0,1,0.0,0,0,0.0,0,4,4,1,0,1,1,2,0
Dalton Knecht,2024-25,00,1610612747,LAL,23.0,61,13,1244.0,206,441,0.467,100,274,0.365,51,67,0.761,30,153,183,54,22,5,30,77,563
Tyler Kolek,2024-25,00,1610612752,NYK,23.0,30,0,152.0,18,49,0.367,11,30,0.367,6,6,1.0,2,13,15,22,7,1,9,13,53
Pelle Larsson,2024-25,00,1610612748,MIA,24.0,42,2,545.0,60,136,0.441,22,68,0.324,28,41,0.683,17,44,61,40,18,4,14,74,170
Jared McCain,2024-25,00,1610612755,PHI,21.0,23,8,592.0,126,274,0.46,51,133,0.383,49,56,0.875,13,43,56,60,15,0,37,37,352
Yves Missi,2024-25,00,1610612740,NOP,20.0,63,57,1699.0,225,414,0.543,0,1,0.0,103,162,0.636,221,283,504,82,35,85,75,130,553
Ajay Mitchell,2024-25,00,1610612760,OKC,22.0,34,1,561.0,84,166,0.506,22,51,0.431,28,33,0.848,17,50,67,57,24,3,28,59,218
Jonathan Mogbo,2024-25,00,1610612761,TOR,23.0,49,11,877.0,101,224,0.451,14,47,0.298,45,64,0.703,77,125,202,80,38,25,44,102,261
Tristen Newton,2024-25,00,1610612754,IND,23.0,5,0,8.0,1,6,0.167,0,3,0.0,1,1,1.0,0,0,0,1,0,0,1,2,3
Tristen Newton,2024-25,00,1610612750,MIN,23.0,3,0,8.0,0,2,0.0,0,0,0.0,0,0,0.0,2,2,4,1,1,0,1,2,0
Tristen Newton,2024-25,00,0,TOT,23.0,8,0,16.0,1,8,0.125,0,3,0.0,1,1,1.0,2,2,4,2,1,0,2,4,3
Quinten Post,2024-25,00,1610612744,GSW,24.0,28,11,456.0,86,189,0.455,48,115,0.417,15,19,0.789,28,82,110,41,12,14,23,58,235
Zyon Pullin,2024-25,00,1610612763,MEM,24.0,3,0,3.0,0,1,0.0,0,0,0.0,0,0,0.0,0,0,0,0,0,0,0,0,0
Antonio Reeves,2024-25,00,1610612740,NOP,22.0,30,0,317.0,49,116,0.422,22,62,0.355,11,13,0.846,13,22,35,23,10,2,12,15,131
Zaccharie Risacher,2024-25,00,1610612737,ATL,19.0,59,57,1437.0,257,587,0.438,88,254,0.346,83,117,0.709,72,143,215,73,45,30,73,110,685
Alexandre Sarr,2024-25,00,1610612764,WAS,19.0,50,50,1347.0,223,571,0.391,75,239,0.314,73,116,0.629,91,243,334,114,32,78,73,115,594
Baylor Scheierman,2024-25,00,1610612738,BOS,24.0,17,0,132.0,9,35,0.257,4,23,0.174,5,6,0.833,5,20,25,12,5,0,1,9,27
Terrence Shannon Jr.,2024-25,00,1610612750,MIN,24.0,27,1,303.0,53,108,0.491,11,30,0.367,17,21,0.81,10,32,42,28,6,5,14,23,134
Jamal Shead,2024-25,00,1610612761,TOR,22.0,60,3,1074.0,145,347,0.418,49,150,0.327,31,41,0.756,21,58,79,222,32,7,91,122,370
Reed Sheppard,2024-25,00,1610612745,HOU,20.0,45,1,536.0,65,196,0.332,31,111,0.279,13,16,0.813,16,47,63,54,28,15,28,42,174
Tyler Smith,2024-25,00,1610612749,MIL,20.0,17,0,83.0,17,36,0.472,8,20,0.4,2,4,0.5,4,16,20,4,2,3,6,8,44
Cam Spencer,2024-25,00,1610612763,MEM,24.0,13,0,147.0,18,40,0.45,9,23,0.391,13,13,1.0,7,13,20,17,6,1,5,15,58
Jaylon Tyson,2024-25,00,1610612739,CLE,22.0,40,2,366.0,47,102,0.461,14,39,0.359,14,18,0.778,30,49,79,38,9,2,19,43,122
Ja'Kobe Walter,2024-25,00,1610612761,TOR,20.0,44,11,879.0,125,309,0.405,44,141,0.312,50,67,0.746,43,83,126,56,31,8,40,81,344
Kel'el Ware,2024-25,00,1610612748,MIA,20.0,47,21,962.0,167,311,0.537,27,83,0.325,35,48,0.729,76,231,307,44,28,50,42,73,396
Anton Watson,2024-25,00,1610612752,NYK,24.0,1,0,4.0,0,3,0.0,0,0,0.0,0,0,0.0,0,0,0,1,0,0,1,0,0
Jaylen Wells,2024-25,00,1610612763,MEM,21.0,66,61,1720.0,253,584,0.433,122,336,0.363,89,110,0.809,75,145,220,112,38,8,63,122,717
Cody Williams,2024-25,00,1610612762,UTA,20.0,41,12,842.0,68,197,0.345,29,98,0.296,29,38,0.763,26,72,98,51,20,14,36,72,194
Tristan da Silva,2024-25,00,1610612753,ORL,23.0,63,35,1451.0,176,421,0.418,71,214,0.332,51,59,0.864,66,151,217,99,29,16,51,85,474
