PLAYER_ID,SEASON_ID,LEAGUE_ID,TEAM_ID,TEAM_ABBREVIATION,PLAYER_AGE,GP,GS,MIN,FGM,FGA,FG_PCT,FG3M,FG3A,FG3_PCT,FTM,FTA,FT_PCT,OREB,DREB,REB,AST,STL,BLK,TOV,PF,PTS
Bam Adebayo,2017-18,00,1610612748,MIA,20.0,69,19,1368.0,174,340,0.512,0,7,0.0,129,179,0.721,118,263,381,101,32,41,66,138,477
Jarrett Allen,2017-18,00,1610612751,BKN,20.0,72,31,1441.0,234,397,0.589,5,15,0.333,114,147,0.776,144,244,388,49,28,88,82,147,587
Kadeem Allen,2017-18,00,1610612738,BOS,25.0,18,1,107.0,6,22,0.273,0,11,0.0,7,9,0.778,4,7,11,12,3,2,9,15,19
Ike Anigbogu,2017-18,00,1610612754,IND,19.0,11,0,30.0,4,9,0.444,0,0,0.0,5,6,0.833,5,4,9,0,1,3,2,1,13
Dwayne Bacon,2017-18,00,1610612766,CHA,22.0,53,6,713.0,72,192,0.375,11,43,0.256,20,25,0.8,4,120,124,38,16,2,23,46,175
Lonzo Ball,2017-18,00,1610612747,LAL,20.0,52,50,1780.0,203,564,0.36,90,295,0.305,32,71,0.451,69,291,360,376,88,43,136,117,528
Jordan Bell,2017-18,00,1610612744,GSW,23.0,57,13,809.0,116,185,0.627,0,4,0.0,30,44,0.682,60,147,207,102,35,56,51,92,262
Jabari Bird,2017-18,00,1610612738,BOS,23.0,13,1,115.0,15,26,0.577,3,7,0.429,6,13,0.462,6,13,19,8,3,1,8,7,39
Tony Bradley,2017-18,00,1610612762,UTA,20.0,9,0,29.0,3,11,0.273,0,1,0.0,2,2,1.0,4,7,11,1,0,0,0,1,8
Dillon Brooks,2017-18,00,1610612763,MEM,22.0,82,74,2350.0,340,772,0.44,94,264,0.356,124,166,0.747,49,208,257,135,73,17,124,233,898
Sterling Brown,2017-18,00,1610612749,MIL,23.0,54,4,776.0,82,205,0.4,32,91,0.352,21,24,0.875,27,116,143,25,31,13,25,80,217
Thomas Bryant,2017-18,00,1610612747,LAL,20.0,15,0,72.0,8,21,0.381,1,10,0.1,5,9,0.556,3,14,17,6,1,2,2,6,22
John Collins,2017-18,00,1610612737,ATL,20.0,74,26,1785.0,314,545,0.576,16,47,0.34,133,186,0.715,176,365,541,98,47,80,105,215,777
Zach Collins,2017-18,00,1610612757,POR,20.0,66,1,1045.0,115,289,0.398,35,113,0.31,27,42,0.643,45,176,221,52,17,31,58,133,292
Tyler Dorsey,2017-18,00,1610612737,ATL,22.0,56,5,974.0,144,382,0.377,72,199,0.362,45,63,0.714,17,113,130,79,17,5,37,63,405
Damyean Dotson,2017-18,00,1610612752,NYK,24.0,44,2,474.0,72,161,0.447,22,68,0.324,16,23,0.696,9,75,84,31,12,2,17,34,182
PJ Dozier,2017-18,00,1610612760,OKC,21.0,2,0,3.0,1,2,0.5,0,0,0.0,0,0,0.0,0,1,1,0,0,0,1,1,2
Jawun Evans,2017-18,00,1610612746,LAC,21.0,48,4,778.0,89,253,0.352,15,54,0.278,38,49,0.776,9,75,84,100,36,6,44,97,231
Terrance Ferguson,2017-18,00,1610612760,OKC,20.0,61,12,763.0,70,169,0.414,40,120,0.333,9,10,0.9,19,28,47,19,24,10,11,83,189
De'Aaron Fox,2017-18,00,1610612758,SAC,20.0,73,61,2026.0,328,797,0.412,47,153,0.307,141,195,0.723,33,171,204,320,70,20,173,163,844
Markelle Fultz,2017-18,00,1610612755,PHI,20.0,14,0,253.0,45,111,0.405,0,1,0.0,10,21,0.476,11,32,43,53,12,4,17,22,100
Josh Hart,2017-18,00,1610612747,LAL,23.0,63,23,1461.0,176,375,0.469,78,197,0.396,66,94,0.702,42,221,263,80,47,16,47,107,496
Jonathan Isaac,2017-18,00,1610612753,ORL,20.0,27,10,535.0,55,145,0.379,16,46,0.348,19,25,0.76,16,83,99,18,33,30,27,48,145
Josh Jackson,2017-18,00,1610612756,PHX,21.0,77,35,1959.0,389,932,0.417,57,217,0.263,177,279,0.634,95,256,351,119,80,35,146,218,1012
Justin Jackson,2017-18,00,1610612758,SAC,23.0,68,41,1506.0,185,419,0.442,57,185,0.308,26,36,0.722,27,160,187,74,28,13,40,81,453
Luke Kennard,2017-18,00,1610612765,DET,22.0,73,9,1463.0,206,465,0.443,81,195,0.415,65,76,0.855,21,155,176,124,44,13,69,86,558
Kyle Kuzma,2017-18,00,1610612747,LAL,22.0,77,37,2401.0,468,1039,0.45,159,434,0.366,147,208,0.707,88,395,483,141,49,34,140,160,1242
Tyler Lydon,2017-18,00,1610612743,DEN,22.0,1,0,2.0,0,0,0.0,0,0,0.0,0,0,0.0,0,0,0,0,0,0,0,0,0
Lauri Markkanen,2017-18,00,1610612741,CHI,21.0,68,68,2020.0,374,862,0.434,145,401,0.362,140,166,0.843,79,429,508,79,39,40,83,103,1033
Donovan Mitchell,2017-18,00,1610612762,UTA,21.0,79,71,2638.0,595,1362,0.437,187,550,0.34,239,297,0.805,52,244,296,291,118,27,215,213,1616
Malik Monk,2017-18,00,1610612766,CHA,20.0,63,0,854.0,153,425,0.36,83,243,0.342,32,38,0.842,8,58,66,91,20,9,49,60,421
Johnathan Motley,2017-18,00,1610612742,DAL,23.0,11,4,176.0,40,75,0.533,1,6,0.167,15,28,0.536,14,35,49,7,3,2,9,18,96
Frank Ntilikina,2017-18,00,1610612752,NYK,19.0,78,9,1706.0,182,500,0.364,50,157,0.318,49,68,0.721,37,140,177,250,65,18,131,181,463
Semi Ojeleye,2017-18,00,1610612738,BOS,23.0,73,0,1150.0,65,188,0.346,40,125,0.32,25,41,0.61,37,124,161,20,21,4,25,91,195
Justin Patton,2017-18,00,1610612750,MIN,21.0,1,0,4.0,1,2,0.5,0,0,0.0,0,0,0.0,0,0,0,0,1,0,0,1,2
Alec Peters,2017-18,00,1610612756,PHX,23.0,20,0,225.0,28,74,0.378,18,58,0.31,8,10,0.8,8,29,37,12,2,2,4,13,82
Ivan Rabb,2017-18,00,1610612763,MEM,21.0,36,5,516.0,86,152,0.566,0,0,0.0,29,36,0.806,53,105,158,32,12,13,35,55,201
Davon Reed,2017-18,00,1610612756,PHX,23.0,21,1,242.0,22,76,0.289,11,38,0.289,8,12,0.667,2,37,39,13,10,2,10,17,63
Devin Robinson,2017-18,00,1610612764,WAS,23.0,1,0,13.0,1,3,0.333,0,0,0.0,0,0,0.0,2,3,5,0,1,0,0,2,2
Edmond Sumner,2017-18,00,1610612754,IND,22.0,1,0,2.0,1,1,1.0,0,0,0.0,0,0,0.0,0,1,1,0,0,0,0,1,2
Caleb Swanigan,2017-18,00,1610612757,POR,21.0,27,3,189.0,24,60,0.4,1,8,0.125,12,18,0.667,15,39,54,14,5,3,18,37,61
Jayson Tatum,2017-18,00,1610612738,BOS,20.0,80,80,2443.0,397,835,0.475,105,242,0.434,213,258,0.826,50,352,402,128,83,58,114,170,1112
Sindarius Thornwell,2017-18,00,1610612746,LAC,23.0,73,16,1156.0,100,233,0.429,23,61,0.377,59,88,0.67,33,107,140,68,48,25,53,125,282
Derrick White,2017-18,00,1610612759,SAS,23.0,17,0,139.0,16,33,0.485,8,13,0.615,14,20,0.7,5,21,26,9,4,3,6,8,54
D.J. Wilson,2017-18,00,1610612749,MIL,22.0,22,0,71.0,9,16,0.563,2,5,0.4,1,2,0.5,2,8,10,3,3,1,4,7,21
