PLAYER_ID,SEASON_ID,LEAGUE_ID,TEAM_ID,TEAM_ABBREVIATION,PLAYER_AGE,GP,GS,MIN,FGM,FGA,FG_PCT,FG3M,FG3A,FG3_PCT,FTM,FTA,FT_PCT,OREB,DREB,REB,AST,STL,BLK,TOV,PF,PTS
Wade Baldwin IV,2016-17,00,1610612763,MEM,21.0,33,1,405.0,36,115,0.313,3,22,0.136,31,37,0.838,11,35,46,61,18,7,39,40,106
Malik Beasley,2016-17,00,1610612743,DEN,20.0,22,1,165.0,33,73,0.452,9,28,0.321,8,10,0.8,5,12,17,11,7,0,8,10,83
DeAndre' Bembry,2016-17,00,1610612737,ATL,22.0,38,1,371.0,47,98,0.48,1,18,0.056,6,16,0.375,14,45,59,28,8,5,16,21,101
Dragan Bender,2016-17,00,1610612756,PHX,19.0,43,0,574.0,57,161,0.354,28,101,0.277,4,11,0.364,23,80,103,23,10,22,32,74,146
Ben Bentil,2016-17,00,1610612742,DAL,22.0,3,0,10.0,0,3,0.0,0,1,0.0,0,0,0.0,0,2,2,0,0,0,1,1,0
Joel Bolomboy,2016-17,00,1610612762,UTA,23.0,12,0,53.0,9,16,0.563,1,4,0.25,3,6,0.5,4,13,17,2,1,2,2,1,22
Malcolm Brogdon,2016-17,00,1610612749,MIL,24.0,75,28,1982.0,290,635,0.457,78,193,0.404,109,126,0.865,47,166,213,317,84,12,113,140,767
Jaylen Brown,2016-17,00,1610612738,BOS,20.0,78,20,1341.0,192,422,0.455,46,134,0.343,85,124,0.685,45,175,220,64,35,18,68,142,515
Marquese Chriss,2016-17,00,1610612756,PHX,19.0,82,75,1743.0,284,632,0.449,72,224,0.321,113,181,0.624,96,252,348,60,67,70,108,263,753
Deyonta Davis,2016-17,00,1610612763,MEM,20.0,36,0,238.0,24,47,0.511,0,0,0.0,10,18,0.556,20,40,60,2,3,17,8,40,58
Cheick Diallo,2016-17,00,1610612740,NOP,20.0,17,0,199.0,36,76,0.474,0,0,0.0,15,21,0.714,23,50,73,4,4,7,7,17,87
Kris Dunn,2016-17,00,1610612750,MIN,23.0,78,7,1333.0,118,313,0.377,21,73,0.288,36,59,0.61,24,142,166,188,78,36,89,178,293
Henry Ellenson,2016-17,00,1610612765,DET,20.0,19,2,146.0,23,64,0.359,10,35,0.286,4,8,0.5,8,33,41,7,1,1,14,6,60
Kay Felder,2016-17,00,1610612739,CLE,22.0,42,0,386.0,62,158,0.392,7,22,0.318,35,49,0.714,3,38,41,58,18,7,30,38,166
Michael Gbinije,2016-17,00,1610612765,DET,25.0,9,0,32.0,1,10,0.1,0,4,0.0,2,2,1.0,2,1,3,2,0,0,0,2,4
Buddy Hield,2016-17,00,1610612740,NOP,24.0,57,37,1161.0,185,471,0.393,89,241,0.369,29,33,0.879,19,147,166,77,18,7,48,81,488
Buddy Hield,2016-17,00,1610612758,SAC,24.0,25,18,727.0,142,296,0.48,59,138,0.428,35,43,0.814,16,87,103,44,20,2,53,34,378
Buddy Hield,2016-17,00,0,TOT,24.0,82,55,1888.0,327,767,0.426,148,379,0.391,64,76,0.842,35,234,269,121,38,9,101,115,866
Brandon Ingram,2016-17,00,1610612747,LAL,19.0,79,40,2279.0,276,686,0.402,55,187,0.294,133,214,0.621,60,256,316,166,50,36,116,158,740
Demetrius Jackson,2016-17,00,1610612738,BOS,22.0,5,0,17.0,3,4,0.75,1,1,1.0,3,6,0.5,2,2,4,3,0,0,0,0,10
Brice Johnson,2016-17,00,1610612746,LAC,23.0,3,0,9.0,2,7,0.286,0,0,0.0,0,0,0.0,1,2,3,1,2,1,1,0,4
Damian Jones,2016-17,00,1610612744,GSW,22.0,10,0,85.0,8,16,0.5,0,0,0.0,3,10,0.3,9,14,23,0,1,4,6,15,19
Skal Labissiere,2016-17,00,1610612758,SAC,21.0,33,12,612.0,117,218,0.537,3,8,0.375,52,74,0.703,51,111,162,27,16,13,37,64,289
Jake Layman,2016-17,00,1610612757,POR,23.0,35,1,249.0,26,89,0.292,13,51,0.255,13,17,0.765,6,18,24,11,9,3,11,22,78
Caris LeVert,2016-17,00,1610612751,BKN,22.0,57,26,1237.0,171,380,0.45,59,184,0.321,67,93,0.72,23,165,188,110,49,8,59,91,468
Thon Maker,2016-17,00,1610612749,MIL,20.0,57,34,562.0,83,181,0.459,28,74,0.378,32,49,0.653,40,74,114,23,10,26,17,84,226
Patrick McCaw,2016-17,00,1610612744,GSW,21.0,71,20,1074.0,106,245,0.433,41,123,0.333,29,37,0.784,21,79,100,77,32,15,36,62,282
Dejounte Murray,2016-17,00,1610612759,SAS,20.0,38,8,322.0,50,116,0.431,9,23,0.391,21,30,0.7,6,36,42,48,8,6,38,29,130
Jamal Murray,2016-17,00,1610612743,DEN,20.0,82,9,1765.0,295,730,0.404,115,344,0.334,106,120,0.883,41,173,214,170,51,24,113,124,811
Georges Niang,2016-17,00,1610612754,IND,24.0,23,0,93.0,9,36,0.25,1,12,0.083,2,2,1.0,2,15,17,5,3,0,5,6,21
Chinanu Onuaku,2016-17,00,1610612745,HOU,20.0,5,1,52.0,5,7,0.714,0,0,0.0,4,4,1.0,2,8,10,3,3,1,4,6,14
Georgios Papagiannis,2016-17,00,1610612758,SAC,19.0,22,0,355.0,56,102,0.549,0,2,0.0,12,14,0.857,24,62,86,20,3,17,24,44,124
Gary Payton II,2016-17,00,1610612749,MIL,24.0,6,0,99.0,8,22,0.364,1,9,0.111,3,5,0.6,0,12,12,13,3,4,10,9,20
Alex Poythress,2016-17,00,1610612755,PHI,23.0,6,1,157.0,25,54,0.463,6,19,0.316,8,10,0.8,11,18,29,5,3,2,3,14,64
Taurean Prince,2016-17,00,1610612737,ATL,23.0,59,10,981.0,114,285,0.4,33,102,0.324,74,94,0.787,25,132,157,55,43,27,61,96,335
Malachi Richardson,2016-17,00,1610612758,SAC,21.0,22,0,198.0,28,68,0.412,8,28,0.286,15,19,0.789,3,20,23,11,5,1,8,23,79
Domantas Sabonis,2016-17,00,1610612760,OKC,21.0,81,66,1631.0,192,481,0.399,51,159,0.321,44,67,0.657,46,242,288,82,39,32,83,200,479
Wayne Selden,2016-17,00,1610612740,NOP,22.0,3,3,47.0,5,8,0.625,4,7,0.571,2,4,0.5,0,5,5,1,2,0,3,6,16
Wayne Selden,2016-17,00,1610612763,MEM,22.0,11,2,189.0,20,50,0.4,3,21,0.143,12,18,0.667,1,10,11,12,4,1,9,12,55
Wayne Selden,2016-17,00,0,TOT,22.0,14,5,236.0,25,58,0.431,7,28,0.25,14,22,0.636,1,15,16,13,6,1,12,18,71
Pascal Siakam,2016-17,00,1610612761,TOR,23.0,55,38,859.0,103,205,0.502,1,7,0.143,22,32,0.688,64,121,185,17,26,45,33,109,229
Diamond Stone,2016-17,00,1610612746,LAC,20.0,7,0,24.0,3,13,0.231,0,0,0.0,4,4,1.0,1,5,6,0,0,1,2,5,10
Tyler Ulis,2016-17,00,1610612756,PHX,21.0,61,15,1123.0,184,437,0.421,21,79,0.266,55,71,0.775,20,75,95,226,48,5,77,73,444
Jarrod Uthoff,2016-17,00,1610612742,DAL,24.0,9,0,115.0,16,38,0.421,3,9,0.333,5,7,0.714,8,14,22,9,2,4,3,8,40
Denzel Valentine,2016-17,00,1610612741,CHI,23.0,57,0,977.0,102,288,0.354,73,208,0.351,14,18,0.778,11,140,151,63,30,7,49,86,291
Fred VanVleet,2016-17,00,1610612761,TOR,23.0,37,0,294.0,39,111,0.351,11,29,0.379,18,22,0.818,4,38,42,35,16,3,15,36,107
Isaiah Whitehead,2016-17,00,1610612751,BKN,22.0,73,26,1643.0,204,508,0.402,44,149,0.295,91,113,0.805,32,152,184,192,42,36,142,175,543
Stephen Zimmerman,2016-17,00,1610612753,ORL,20.0,19,0,108.0,10,31,0.323,0,0,0.0,3,5,0.6,11,24,35,4,2,5,3,17,23
Paul Zipser,2016-17,00,1610612741,CHI,23.0,44,18,843.0,88,221,0.398,33,99,0.333,31,40,0.775,15,110,125,36,15,16,40,78,240
Ivica Zubac,2016-17,00,1610612747,LAL,20.0,38,11,609.0,126,238,0.529,0,3,0.0,32,49,0.653,41,118,159,30,14,33,30,66,284
