PLAYER_ID,SEASON_ID,LEAGUE_ID,TEAM_ID,TEAM_ABBREVIATION,PLAYER_AGE,GP,GS,MIN,FGM,FGA,FG_PCT,FG3M,FG3A,FG3_PCT,FTM,FTA,FT_PCT,OREB,DREB,REB,AST,STL,BLK,TOV,PF,PTS
Darius Bazley,2019-20,00,1610612760,OKC,20.0,61,9,1129.0,125,317,0.394,49,141,0.348,43,62,0.694,30,216,246,41,23,41,45,55,342
Goga Bitadze,2019-20,00,1610612754,IND,20.0,54,2,471.0,70,150,0.467,8,42,0.19,24,33,0.727,25,81,106,23,10,37,28,65,172
Bol Bol,2019-20,00,1610612743,DEN,20.0,7,0,87.0,14,28,0.5,4,9,0.444,8,10,0.8,5,14,19,6,2,6,10,11,40
Jordan Bone,2019-20,00,1610612765,DET,22.0,10,0,53.0,5,20,0.25,2,10,0.2,0,0,0.0,0,4,4,8,1,0,2,6,12
Jarrell Brantley,2019-20,00,1610612762,UTA,24.0,9,0,96.0,10,28,0.357,3,13,0.231,1,2,0.5,2,18,20,11,3,5,7,7,24
Brandon Clarke,2019-20,00,1610612763,MEM,23.0,58,4,1300.0,296,479,0.618,23,64,0.359,85,112,0.759,92,253,345,81,32,48,55,100,700
Jarrett Culver,2019-20,00,1610612750,MIN,21.0,63,35,1506.0,230,569,0.404,66,221,0.299,54,117,0.462,70,142,212,110,57,38,81,125,580
Sekou Doumbouya,2019-20,00,1610612765,DET,19.0,38,19,754.0,92,236,0.39,28,98,0.286,31,46,0.674,20,98,118,19,20,8,35,80,243
Carsen Edwards,2019-20,00,1610612738,BOS,22.0,37,0,351.0,42,128,0.328,24,76,0.316,13,19,0.684,6,41,47,24,12,4,15,34,121
Bruno Fernando,2019-20,00,1610612737,ATL,21.0,56,13,713.0,103,199,0.518,5,37,0.135,29,51,0.569,67,131,198,49,18,17,42,107,240
Daniel Gafford,2019-20,00,1610612741,CHI,21.0,43,7,609.0,94,134,0.701,0,0,0.0,32,60,0.533,52,54,106,21,13,56,29,98,220
Darius Garland,2019-20,00,1610612739,CLE,20.0,59,59,1824.0,280,699,0.401,105,296,0.355,63,72,0.875,27,84,111,229,42,4,151,92,728
Kyle Guy,2019-20,00,1610612758,SAC,22.0,3,0,10.0,2,5,0.4,0,3,0.0,0,0,0.0,0,1,1,1,0,0,0,1,4
Rui Hachimura,2019-20,00,1610612764,WAS,22.0,48,48,1444.0,254,545,0.466,25,87,0.287,116,140,0.829,78,216,294,87,37,8,53,105,649
Jaxson Hayes,2019-20,00,1610612740,NOP,20.0,64,14,1080.0,174,259,0.672,1,4,0.25,123,190,0.647,97,162,259,56,26,55,53,161,472
Dewan Hernandez,2019-20,00,1610612761,TOR,23.0,6,0,28.0,5,14,0.357,1,2,0.5,3,5,0.6,5,9,14,3,1,0,3,6,14
Tyler Herro,2019-20,00,1610612748,MIA,20.0,55,8,1508.0,270,631,0.428,116,298,0.389,87,100,0.87,16,208,224,121,34,9,87,76,743
Talen Horton-Tucker,2019-20,00,1610612747,LAL,19.0,6,1,81.0,14,30,0.467,4,13,0.308,2,4,0.5,2,5,7,6,8,1,6,10,34
De'Andre Hunter,2019-20,00,1610612737,ATL,22.0,63,62,2018.0,280,683,0.41,108,304,0.355,110,144,0.764,44,242,286,112,44,18,103,182,778
Justin James,2019-20,00,1610612758,SAC,23.0,36,0,232.0,35,84,0.417,9,29,0.31,10,21,0.476,6,26,32,18,6,9,8,17,89
Ty Jerome,2019-20,00,1610612756,PHX,22.0,31,0,328.0,38,113,0.336,14,50,0.28,12,16,0.75,7,39,46,44,15,3,18,29,102
Cameron Johnson,2019-20,00,1610612756,PHX,24.0,57,9,1255.0,176,405,0.435,106,272,0.39,46,57,0.807,49,138,187,69,36,20,32,88,504
Keldon Johnson,2019-20,00,1610612759,SAS,20.0,17,1,301.0,53,89,0.596,13,22,0.591,35,44,0.795,10,47,57,15,14,2,13,28,154
Mfiondu Kabengele,2019-20,00,1610612746,LAC,22.0,12,0,64.0,14,32,0.438,9,20,0.45,5,5,1.0,1,10,11,2,2,2,2,9,42
Romeo Langford,2019-20,00,1610612738,BOS,20.0,32,2,370.0,28,80,0.35,5,27,0.185,18,25,0.72,15,26,41,13,8,8,11,33,79
Nassir Little,2019-20,00,1610612757,POR,20.0,48,5,572.0,65,151,0.43,14,59,0.237,28,44,0.636,31,77,108,22,13,14,15,72,172
Terance Mann,2019-20,00,1610612746,LAC,23.0,41,6,362.0,37,79,0.468,7,20,0.35,18,27,0.667,10,45,55,53,11,5,18,46,99
Cody Martin,2019-20,00,1610612766,CHA,24.0,48,3,903.0,89,207,0.43,18,77,0.234,42,65,0.646,38,120,158,95,39,9,44,78,238
Jalen McDaniels,2019-20,00,1610612766,CHA,22.0,16,0,293.0,33,70,0.471,9,24,0.375,14,17,0.824,15,50,65,13,8,3,11,36,89
Ja Morant,2019-20,00,1610612763,MEM,20.0,67,67,2074.0,447,937,0.477,60,179,0.335,239,308,0.776,51,208,259,488,58,18,220,110,1193
Jaylen Nowell,2019-20,00,1610612750,MIN,20.0,15,0,151.0,19,53,0.358,3,26,0.115,16,17,0.941,3,10,13,19,3,1,3,11,57
KZ Okpala,2019-20,00,1610612748,MIA,21.0,5,0,26.0,3,5,0.6,0,1,0.0,1,2,0.5,1,4,5,1,2,1,1,2,7
Miye Oni,2019-20,00,1610612762,UTA,22.0,10,1,109.0,12,32,0.375,7,19,0.368,4,5,0.8,5,12,17,4,4,2,4,9,35
Eric Paschall,2019-20,00,1610612744,GSW,23.0,60,26,1654.0,318,640,0.497,37,129,0.287,164,212,0.774,82,193,275,127,32,13,94,125,837
Jordan Poole,2019-20,00,1610612744,GSW,21.0,57,14,1274.0,167,502,0.333,74,265,0.279,95,119,0.798,9,109,118,134,35,10,74,94,503
Kevin Porter Jr.,2019-20,00,1610612739,CLE,20.0,50,3,1162.0,186,421,0.442,53,158,0.335,73,101,0.723,22,140,162,109,46,14,93,135,498
Cam Reddish,2019-20,00,1610612737,ATL,20.0,58,34,1551.0,213,554,0.384,83,250,0.332,101,126,0.802,35,181,216,87,62,28,96,132,610
Isaiah Roby,2019-20,00,1610612760,OKC,22.0,3,0,11.0,0,1,0.0,0,0,0.0,0,0,0.0,0,2,2,0,0,0,1,1,0
Admiral Schofield,2019-20,00,1610612764,WAS,23.0,33,2,368.0,35,92,0.38,19,61,0.311,10,15,0.667,7,40,47,15,8,4,7,50,99
Marial Shayok,2019-20,00,1610612755,PHI,24.0,4,0,28.0,3,12,0.25,2,6,0.333,3,4,0.75,1,6,7,1,0,1,3,4,11
Matisse Thybulle,2019-20,00,1610612755,PHI,23.0,65,14,1287.0,112,265,0.423,56,157,0.357,25,41,0.61,44,63,107,79,93,47,51,141,305
P.J. Washington,2019-20,00,1610612766,CHA,21.0,58,57,1759.0,268,589,0.455,86,230,0.374,88,136,0.647,58,258,316,123,51,44,93,158,710
Tremont Waters,2019-20,00,1610612738,BOS,22.0,11,1,119.0,14,49,0.286,4,24,0.167,8,8,1.0,0,12,12,16,10,2,15,13,40
Quinndary Weatherspoon,2019-20,00,1610612759,SAS,23.0,11,0,78.0,5,17,0.294,1,5,0.2,1,2,0.5,1,6,7,11,3,1,5,8,12
Coby White,2019-20,00,1610612741,CHI,20.0,65,1,1674.0,312,792,0.394,133,376,0.354,102,129,0.791,28,202,230,175,49,6,109,117,859
Grant Williams,2019-20,00,1610612738,BOS,21.0,69,5,1043.0,87,211,0.412,24,96,0.25,39,54,0.722,59,119,178,68,30,36,50,163,237
Zion Williamson,2019-20,00,1610612740,NOP,19.0,24,24,668.0,210,360,0.583,6,14,0.429,114,178,0.64,64,86,150,50,16,9,59,42,540
Justin Wright-Foreman,2019-20,00,1610612762,UTA,22.0,4,0,45.0,7,20,0.35,2,10,0.2,3,4,0.75,0,5,5,7,2,0,3,5,19
