PLAYER_ID,SEASON_ID,LEAGUE_ID,TEAM_ID,TEAM_ABBREVIATION,PLAYER_AGE,GP,GS,MIN,FGM,FGA,FG_PCT,FG3M,FG3A,FG3_PCT,FTM,FTA,FT_PCT,OREB,DREB,REB,AST,STL,BLK,TOV,PF,PTS
Santi Aldama,2021-22,00,1610612763,MEM,21.0,32,0,360.0,53,132,0.402,6,48,0.125,20,32,0.625,33,54,87,21,6,10,16,36,132
Joel Ayayi,2021-22,00,1610612764,WAS,22.0,7,0,20.0,1,6,0.167,0,1,0.0,0,0,0.0,1,2,3,4,0,0,0,0,2
Dalano Banton,2021-22,00,1610612761,TOR,22.0,64,1,696.0,83,202,0.411,13,51,0.255,26,44,0.591,38,86,124,99,28,10,53,68,205
Scottie Barnes,2021-22,00,1610612761,TOR,20.0,74,74,2617.0,459,932,0.492,58,193,0.301,158,215,0.735,195,362,557,256,80,55,136,192,1134
Charles Bassey,2021-22,00,1610612755,PHI,21.0,23,0,168.0,30,47,0.638,0,4,0.0,9,12,0.75,22,40,62,7,5,17,8,32,69
James Bouknight,2021-22,00,1610612766,CHA,21.0,31,0,304.0,49,141,0.348,17,49,0.347,27,31,0.871,22,30,52,26,7,1,15,29,142
Jared Butler,2021-22,00,1610612762,UTA,21.0,42,1,360.0,61,151,0.404,28,88,0.318,11,16,0.688,5,40,45,63,17,8,33,47,161
Josh Christopher,2021-22,00,1610612745,HOU,20.0,74,2,1334.0,224,500,0.448,56,189,0.296,83,113,0.735,52,134,186,150,65,13,114,97,587
Sharife Cooper,2021-22,00,1610612737,ATL,21.0,13,0,39.0,3,14,0.214,1,6,0.167,0,0,0.0,0,5,5,5,0,0,5,1,7
Cade Cunningham,2021-22,00,1610612765,DET,20.0,64,64,2088.0,429,1031,0.416,114,363,0.314,142,168,0.845,58,296,354,356,78,43,234,200,1114
Ayo Dosunmu,2021-22,00,1610612741,CHI,22.0,77,40,2110.0,278,535,0.52,70,186,0.376,53,78,0.679,27,187,214,256,60,29,108,182,679
Chris Duarte,2021-22,00,1610612754,IND,25.0,55,39,1541.0,268,621,0.432,94,255,0.369,90,112,0.804,41,185,226,114,56,10,90,95,720
Kessler Edwards,2021-22,00,1610612751,BKN,21.0,48,23,987.0,110,267,0.412,48,136,0.353,16,19,0.842,44,128,172,31,29,24,42,85,284
Usman Garuba,2021-22,00,1610612745,HOU,20.0,24,2,239.0,19,44,0.432,5,20,0.25,5,7,0.714,21,62,83,17,10,11,6,28,48
Luka Garza,2021-22,00,1610612765,DET,23.0,32,5,389.0,66,147,0.449,16,49,0.327,38,61,0.623,58,42,100,20,9,6,18,55,186
Josh Giddey,2021-22,00,1610612760,OKC,19.0,54,54,1700.0,281,670,0.419,56,213,0.263,56,79,0.709,98,323,421,345,51,20,171,88,674
Jalen Green,2021-22,00,1610612745,HOU,20.0,67,67,2138.0,406,954,0.426,157,458,0.343,188,236,0.797,33,193,226,176,44,18,135,103,1157
Quentin Grimes,2021-22,00,1610612752,NYK,22.0,46,6,786.0,95,235,0.404,72,189,0.381,13,19,0.684,24,70,94,44,31,11,28,72,275
Aaron Henry,2021-22,00,1610612755,PHI,22.0,6,0,17.0,1,5,0.2,0,1,0.0,0,0,0.0,0,1,1,0,0,2,2,2,2
Jay Huff,2021-22,00,1610612747,LAL,24.0,4,0,20.0,0,3,0.0,0,2,0.0,0,0,0.0,1,3,4,1,1,1,1,1,0
Isaiah Jackson,2021-22,00,1610612754,IND,20.0,36,15,541.0,116,206,0.563,5,16,0.313,60,88,0.682,60,89,149,10,25,52,40,92,297
David Johnson,2021-22,00,1610612761,TOR,21.0,2,0,2.0,0,1,0.0,0,1,0.0,0,0,0.0,0,0,0,0,0,0,0,0,0
Jalen Johnson,2021-22,00,1610612737,ATL,20.0,22,0,120.0,22,41,0.537,3,13,0.231,5,7,0.714,2,24,26,3,3,2,9,9,52
Keon Johnson,2021-22,00,1610612746,LAC,20.0,15,0,135.0,17,51,0.333,3,11,0.273,16,21,0.762,6,15,21,13,7,2,7,21,53
Keon Johnson,2021-22,00,1610612757,POR,20.0,22,12,562.0,79,221,0.357,31,89,0.348,25,30,0.833,18,42,60,63,21,10,39,48,214
Keon Johnson,2021-22,00,0,TOT,20.0,37,12,696.0,96,272,0.353,34,100,0.34,41,51,0.804,24,57,81,76,28,12,46,69,267
Herbert Jones,2021-22,00,1610612740,NOP,23.0,78,69,2335.0,274,576,0.476,57,169,0.337,137,163,0.84,98,198,296,167,130,60,100,238,742
Kai Jones,2021-22,00,1610612766,CHA,21.0,21,0,63.0,9,14,0.643,1,2,0.5,3,8,0.375,3,8,11,4,1,2,6,8,22
Georgios Kalaitzakis,2021-22,00,1610612749,MIL,23.0,9,0,48.0,5,11,0.455,2,4,0.5,4,9,0.444,4,4,8,0,1,1,4,8,16
Georgios Kalaitzakis,2021-22,00,1610612760,OKC,23.0,4,4,166.0,26,56,0.464,8,22,0.364,10,21,0.476,2,11,13,12,10,1,16,11,70
Georgios Kalaitzakis,2021-22,00,0,TOT,23.0,13,4,213.0,31,67,0.463,10,26,0.385,14,30,0.467,6,15,21,12,11,2,20,19,86
Corey Kispert,2021-22,00,1610612764,WAS,23.0,77,36,1801.0,234,514,0.455,112,320,0.35,54,62,0.871,53,156,209,85,35,22,50,93,634
Jonathan Kuminga,2021-22,00,1610612744,GSW,19.0,70,12,1185.0,236,460,0.513,50,149,0.336,130,190,0.684,54,180,234,64,31,22,74,146,652
Scottie Lewis,2021-22,00,1610612766,CHA,22.0,2,0,7.0,0,0,0.0,0,0,0.0,1,2,0.5,0,0,0,1,1,0,0,0,1
Isaiah Livers,2021-22,00,1610612765,DET,23.0,19,5,383.0,41,90,0.456,27,64,0.422,12,14,0.857,15,42,57,21,13,7,15,37,121
Sandro Mamukelashvili,2021-22,00,1610612749,MIL,23.0,41,3,407.0,57,115,0.496,22,52,0.423,18,22,0.818,35,47,82,22,9,9,15,28,154
Tre Mann,2021-22,00,1610612760,OKC,21.0,60,26,1367.0,231,588,0.393,98,272,0.36,65,82,0.793,25,146,171,91,47,12,71,102,625
Miles McBride,2021-22,00,1610612752,NYK,21.0,40,2,372.0,32,108,0.296,17,68,0.25,8,12,0.667,4,38,42,41,14,1,5,45,89
Davion Mitchell,2021-22,00,1610612758,SAC,23.0,75,19,2076.0,352,843,0.418,101,320,0.316,56,85,0.659,33,133,166,313,55,24,114,141,861
Evan Mobley,2021-22,00,1610612739,CLE,21.0,69,69,2331.0,422,830,0.508,23,92,0.25,167,252,0.663,143,427,570,174,56,115,133,147,1034
Moses Moody,2021-22,00,1610612744,GSW,20.0,52,11,607.0,80,183,0.437,40,110,0.364,28,36,0.778,17,63,80,23,7,10,13,43,228
Trey Murphy III,2021-22,00,1610612740,NOP,22.0,62,1,864.0,109,277,0.394,71,186,0.382,45,51,0.882,47,100,147,38,23,7,16,60,334
Daishen Nix,2021-22,00,1610612745,HOU,20.0,24,0,261.0,27,67,0.403,7,26,0.269,16,30,0.533,7,26,33,40,15,0,26,21,77
Yves Pons,2021-22,00,1610612763,MEM,23.0,12,0,71.0,5,16,0.313,3,9,0.333,0,2,0.0,5,7,12,1,1,4,1,6,13
Joshua Primo,2021-22,00,1610612759,SAS,19.0,50,16,965.0,101,270,0.374,42,137,0.307,44,59,0.746,32,81,113,81,20,23,57,79,288
Neemias Queta,2021-22,00,1610612758,SAC,22.0,15,0,120.0,17,38,0.447,0,0,0.0,11,17,0.647,14,17,31,6,1,8,6,18,45
Austin Reaves,2021-22,00,1610612747,LAL,24.0,61,19,1418.0,146,318,0.459,53,167,0.317,99,118,0.839,45,148,193,110,29,20,40,87,444
Jeremiah Robinson-Earl,2021-22,00,1610612760,OKC,21.0,49,36,1087.0,134,324,0.414,58,165,0.352,40,54,0.741,75,199,274,49,29,15,39,75,366
Day'Ron Sharpe,2021-22,00,1610612751,BKN,20.0,32,8,391.0,86,149,0.577,2,7,0.286,24,41,0.585,81,79,160,17,10,15,30,60,198
Jericho Sims,2021-22,00,1610612752,NYK,23.0,41,5,555.0,39,54,0.722,0,0,0.0,12,29,0.414,61,108,169,21,11,22,20,66,90
Jaden Springer,2021-22,00,1610612755,PHI,19.0,2,0,6.0,1,1,1.0,0,0,0.0,0,0,0.0,1,1,2,0,0,2,1,0,2
Jalen Suggs,2021-22,00,1610612753,ORL,21.0,48,45,1307.0,198,548,0.361,42,196,0.214,126,163,0.773,26,145,171,209,59,19,143,142,564
JT Thor,2021-22,00,1610612766,CHA,19.0,33,0,262.0,24,55,0.436,7,27,0.259,12,20,0.6,11,32,43,19,8,11,10,26,67
Isaiah Todd,2021-22,00,1610612764,WAS,20.0,12,0,74.0,7,26,0.269,4,16,0.25,2,6,0.333,3,9,12,4,4,2,4,4,20
Franz Wagner,2021-22,00,1610612753,ORL,20.0,79,79,2429.0,456,975,0.468,96,271,0.354,189,219,0.863,84,272,356,231,68,34,119,164,1197
Trendon Watford,2021-22,00,1610612757,POR,21.0,48,10,869.0,142,267,0.532,9,38,0.237,71,94,0.755,57,142,199,81,25,28,44,116,364
Joe Wieskamp,2021-22,00,1610612759,SAS,22.0,29,0,205.0,20,56,0.357,14,43,0.326,7,13,0.538,4,10,14,9,4,3,2,14,61
Aaron Wiggins,2021-22,00,1610612760,OKC,23.0,50,35,1209.0,156,337,0.463,42,138,0.304,62,85,0.729,51,127,178,68,30,10,54,93,416
Ziaire Williams,2021-22,00,1610612763,MEM,20.0,62,31,1346.0,191,424,0.45,76,242,0.314,43,55,0.782,26,103,129,65,35,12,41,113,501
McKinley Wright IV,2021-22,00,1610612750,MIN,23.0,5,0,19.0,2,3,0.667,1,2,0.5,0,0,0.0,0,0,0,3,0,0,1,1,5
