PLAYER_ID,SEASON_ID,LEAGUE_ID,TEAM_ID,TEAM_ABBREVIATION,PLAYER_AGE,GP,GS,MIN,FGM,FGA,FG_PCT,FG3M,FG3A,FG3_PCT,FTM,FTA,FT_PCT,OREB,DREB,REB,AST,STL,BLK,TOV,PF,PTS
Grayson Allen,2018-19,00,1610612762,UTA,23.0,38,2,416.0,67,178,0.376,32,99,0.323,45,60,0.75,3,20,23,25,6,6,33,47,211
Kostas Antetokounmpo,2018-19,00,1610612742,DAL,21.0,2,0,11.0,0,3,0.0,0,0,0.0,2,4,0.5,0,1,1,0,2,0,1,0,2
Keita Bates-Diop,2018-19,00,1610612750,MIN,23.0,30,3,503.0,60,142,0.423,13,52,0.25,18,28,0.643,16,67,83,17,18,14,14,29,151
Isaac Bonga,2018-19,00,1610612747,LAL,19.0,22,0,120.0,5,33,0.152,0,8,0.0,9,15,0.6,9,16,25,15,9,4,6,9,19
Mikal Bridges,2018-19,00,1610612756,PHX,22.0,82,56,2417.0,242,563,0.43,105,313,0.335,95,118,0.805,56,208,264,173,129,38,70,201,684
Miles Bridges,2018-19,00,1610612766,CHA,21.0,80,25,1696.0,237,511,0.464,65,200,0.325,58,77,0.753,67,256,323,95,55,49,50,111,597
Bruce Brown,2018-19,00,1610612765,DET,22.0,74,56,1449.0,125,314,0.398,24,93,0.258,45,60,0.75,48,137,185,91,40,36,46,178,319
Jalen Brunson,2018-19,00,1610612742,DAL,22.0,73,38,1591.0,264,565,0.467,63,181,0.348,87,120,0.725,25,144,169,230,37,4,88,127,678
Jevon Carter,2018-19,00,1610612763,MEM,23.0,39,3,576.0,56,185,0.303,34,102,0.333,26,32,0.813,14,52,66,69,26,11,33,55,172
Donte DiVincenzo,2018-19,00,1610612749,MIL,22.0,27,0,411.0,50,124,0.403,22,83,0.265,9,12,0.75,16,49,65,31,13,6,19,38,131
Hamidou Diallo,2018-19,00,1610612760,OKC,20.0,51,3,526.0,75,165,0.455,4,24,0.167,36,59,0.61,38,59,97,17,21,10,23,77,190
Luka Dončić,2018-19,00,1610612742,DAL,20.0,72,72,2318.0,506,1186,0.427,168,514,0.327,346,485,0.713,86,477,563,429,77,25,247,137,1526
Jacob Evans,2018-19,00,1610612744,GSW,22.0,30,1,204.0,18,53,0.34,4,15,0.267,0,1,0.0,6,19,25,23,5,3,11,28,40
Devonte' Graham,2018-19,00,1610612766,CHA,24.0,46,3,676.0,74,216,0.343,34,121,0.281,35,46,0.761,10,53,63,121,23,2,30,48,217
Aaron Holiday,2018-19,00,1610612754,IND,22.0,50,0,646.0,105,262,0.401,43,127,0.339,41,50,0.82,5,62,67,87,21,13,40,71,294
Kevin Huerter,2018-19,00,1610612737,ATL,20.0,75,59,2049.0,275,657,0.419,136,353,0.385,41,56,0.732,60,185,245,214,65,25,109,155,727
Chandler Hutchison,2018-19,00,1610612741,CHI,23.0,44,14,895.0,96,209,0.459,14,50,0.28,23,38,0.605,31,154,185,34,23,6,25,59,229
Jaren Jackson Jr.,2018-19,00,1610612763,MEM,19.0,58,56,1515.0,298,589,0.506,51,142,0.359,151,197,0.766,73,199,272,64,52,82,98,220,798
Alize Johnson,2018-19,00,1610612754,IND,23.0,14,0,64.0,4,16,0.25,1,2,0.5,4,8,0.5,4,15,19,1,1,3,0,7,13
George King,2018-19,00,1610612756,PHX,25.0,1,0,6.0,0,0,0.0,0,0,0.0,0,0,0.0,0,1,1,0,0,0,0,0,0
Rodions Kurucs,2018-19,00,1610612751,BKN,21.0,63,46,1294.0,202,449,0.45,58,184,0.315,72,92,0.783,56,190,246,52,41,25,77,146,534
De'Anthony Melton,2018-19,00,1610612756,PHX,21.0,50,31,984.0,100,256,0.391,29,95,0.305,21,28,0.75,25,109,134,159,68,23,75,113,250
Chimezie Metu,2018-19,00,1610612759,SAS,22.0,29,0,145.0,19,58,0.328,0,2,0.0,13,17,0.765,9,27,36,13,6,2,15,14,51
Shake Milton,2018-19,00,1610612755,PHI,22.0,20,0,268.0,34,87,0.391,14,44,0.318,5,7,0.714,9,26,35,18,8,8,6,29,87
Elie Okobo,2018-19,00,1610612756,PHX,21.0,53,16,958.0,114,290,0.393,39,132,0.295,37,47,0.787,12,86,98,127,32,7,69,109,304
Josh Okogie,2018-19,00,1610612750,MIN,20.0,74,52,1757.0,196,508,0.386,60,215,0.279,118,162,0.728,41,177,218,91,88,33,63,166,570
Jerome Robinson,2018-19,00,1610612746,LAC,22.0,33,0,321.0,44,110,0.4,18,57,0.316,6,9,0.667,3,38,41,19,11,3,13,46,112
Mitchell Robinson,2018-19,00,1610612752,NYK,21.0,66,19,1360.0,202,291,0.694,0,0,0.0,81,135,0.6,177,246,423,37,52,161,35,217,485
Collin Sexton,2018-19,00,1610612739,CLE,20.0,82,72,2605.0,519,1206,0.43,119,296,0.402,214,255,0.839,57,179,236,243,44,6,185,186,1371
Landry Shamet,2018-19,00,1610612755,PHI,22.0,54,4,1108.0,153,347,0.441,99,245,0.404,44,54,0.815,14,64,78,59,24,8,26,106,449
Landry Shamet,2018-19,00,1610612746,LAC,22.0,25,23,694.0,87,210,0.414,68,151,0.45,31,39,0.795,7,49,56,58,13,2,19,49,273
Landry Shamet,2018-19,00,0,TOT,22.0,79,27,1802.0,240,557,0.431,167,396,0.422,75,93,0.806,21,113,134,117,37,10,45,155,722
Anfernee Simons,2018-19,00,1610612757,POR,20.0,20,1,141.0,28,63,0.444,10,29,0.345,9,16,0.563,3,10,13,13,1,0,11,9,75
Zhaire Smith,2018-19,00,1610612755,PHI,20.0,6,2,111.0,14,34,0.412,6,16,0.375,6,8,0.75,3,10,13,10,2,2,6,8,40
Ray Spalding,2018-19,00,1610612742,DAL,22.0,1,0,1.0,0,0,0.0,0,0,0.0,0,0,0.0,0,0,0,0,0,0,0,0,0
Ray Spalding,2018-19,00,1610612756,PHX,22.0,13,3,147.0,25,47,0.532,0,3,0.0,4,12,0.333,15,33,48,5,9,8,9,23,54
Ray Spalding,2018-19,00,0,TOT,22.0,14,3,148.0,25,47,0.532,0,3,0.0,4,12,0.333,15,33,48,5,9,8,9,23,54
Omari Spellman,2018-19,00,1610612737,ATL,21.0,46,11,805.0,98,244,0.402,44,128,0.344,32,45,0.711,72,122,194,47,26,25,31,67,272
Khyri Thomas,2018-19,00,1610612765,DET,23.0,26,0,195.0,22,69,0.319,10,35,0.286,7,11,0.636,4,16,20,8,7,5,4,22,61
Gary Trent Jr.,2018-19,00,1610612757,POR,20.0,15,1,111.0,16,50,0.32,5,21,0.238,3,7,0.429,1,10,11,5,1,2,4,4,40
Jarred Vanderbilt,2018-19,00,1610612743,DEN,20.0,17,0,69.0,9,19,0.474,0,1,0.0,6,10,0.6,7,16,23,3,6,1,8,8,24
Moritz Wagner,2018-19,00,1610612747,LAL,22.0,43,5,446.0,71,171,0.415,22,77,0.286,43,53,0.811,17,68,85,24,11,13,39,57,207
Thomas Welsh,2018-19,00,1610612743,DEN,23.0,11,0,36.0,7,13,0.538,3,7,0.429,1,2,0.5,0,4,4,5,0,0,1,3,18
Trae Young,2018-19,00,1610612737,ATL,20.0,81,81,2503.0,525,1256,0.418,156,482,0.324,343,414,0.829,64,237,301,653,72,15,308,140,1549
