PLAYER_ID,SEASON_ID,LEAGUE_ID,TEAM_ID,TEAM_ABBREVIATION,PLAYER_AGE,GP,GS,MIN,FGM,FGA,FG_PCT,FG3M,FG3A,FG3_PCT,FTM,FTA,FT_PCT,OREB,DREB,REB,AST,STL,BLK,TOV,PF,PTS
Precious Achiuwa,2020-21,00,1610612748,MIA,21.0,61,4,737.0,124,228,0.544,0,1,0.0,56,110,0.509,73,135,208,29,20,28,43,91,304
Cole Anthony,2020-21,00,1610612753,ORL,21.0,47,34,1273.0,219,552,0.397,58,172,0.337,109,131,0.832,38,183,221,192,30,18,106,98,605
Deni Avdija,2020-21,00,1610612764,WAS,20.0,54,32,1257.0,130,312,0.417,53,168,0.315,29,45,0.644,22,240,262,63,32,15,33,140,342
Udoka Azubuike,2020-21,00,1610612762,UTA,21.0,15,0,57.0,4,9,0.444,0,0,0.0,8,10,0.8,4,9,13,0,1,4,3,9,16
LaMelo Ball,2020-21,00,1610612766,CHA,19.0,51,31,1469.0,293,672,0.436,92,261,0.352,125,165,0.758,63,239,302,313,81,18,145,136,803
Desmond Bane,2020-21,00,1610612763,MEM,23.0,68,17,1519.0,234,499,0.469,117,271,0.432,40,49,0.816,31,179,210,118,41,16,59,125,625
Saddiq Bey,2020-21,00,1610612765,DET,22.0,70,53,1909.0,279,691,0.404,175,460,0.38,124,147,0.844,43,275,318,95,52,14,60,110,857
Tyler Bey,2020-21,00,1610612742,DAL,23.0,18,0,71.0,7,22,0.318,1,4,0.25,3,5,0.6,8,11,19,3,0,1,3,6,18
Vernon Carey Jr.,2020-21,00,1610612766,CHA,20.0,19,4,115.0,18,36,0.5,1,7,0.143,9,11,0.818,6,21,27,2,1,5,5,13,46
Devon Dotson,2020-21,00,1610612741,CHI,21.0,11,0,50.0,11,21,0.524,1,7,0.143,0,0,0.0,2,3,5,7,4,0,0,3,23
Anthony Edwards,2020-21,00,1610612750,MIN,19.0,72,55,2314.0,505,1211,0.417,171,520,0.329,211,272,0.776,59,277,336,211,82,36,160,129,1392
CJ Elleby,2020-21,00,1610612757,POR,21.0,30,0,192.0,25,66,0.379,7,34,0.206,11,15,0.733,11,21,32,10,6,3,5,27,68
Malachi Flynn,2020-21,00,1610612761,TOR,23.0,47,14,928.0,127,340,0.374,54,168,0.321,45,56,0.804,10,106,116,137,38,7,43,68,353
Josh Green,2020-21,00,1610612742,DAL,20.0,39,5,445.0,42,93,0.452,4,25,0.16,13,23,0.565,28,50,78,28,16,3,17,35,101
Ashton Hagans,2020-21,00,1610612750,MIN,21.0,2,0,4.0,0,0,0.0,0,0,0.0,0,0,0.0,0,0,0,0,0,0,1,0,0
Tyrese Haliburton,2020-21,00,1610612758,SAC,21.0,58,20,1746.0,292,619,0.472,121,296,0.409,48,56,0.857,39,134,173,309,77,28,92,83,753
Josh Hall,2020-21,00,1610612760,OKC,20.0,21,1,336.0,30,99,0.303,4,37,0.108,22,44,0.5,6,53,59,28,4,1,25,37,86
Jalen Harris,2020-21,00,1610612761,TOR,22.0,13,2,172.0,36,72,0.5,17,36,0.472,7,9,0.778,3,15,18,17,8,0,14,15,96
Killian Hayes,2020-21,00,1610612765,DET,19.0,26,18,670.0,71,201,0.353,20,72,0.278,14,17,0.824,6,63,69,138,27,10,83,57,176
Markus Howard,2020-21,00,1610612743,DEN,22.0,37,1,205.0,40,106,0.377,18,65,0.277,7,9,0.778,1,20,21,18,4,1,18,23,105
Elijah Hughes,2020-21,00,1610612762,UTA,23.0,18,0,64.0,10,30,0.333,8,23,0.348,3,4,0.75,1,8,9,6,1,1,6,1,31
Isaiah Joe,2020-21,00,1610612755,PHI,21.0,41,1,383.0,48,133,0.361,39,106,0.368,18,24,0.75,6,30,36,20,12,4,11,34,153
Mason Jones,2020-21,00,1610612745,HOU,22.0,26,1,307.0,47,114,0.412,23,64,0.359,35,57,0.614,4,47,51,39,6,1,28,22,152
Mason Jones,2020-21,00,1610612755,PHI,22.0,6,0,27.0,5,9,0.556,1,2,0.5,5,7,0.714,3,1,4,3,1,0,1,2,16
Mason Jones,2020-21,00,0,TOT,22.0,32,1,334.0,52,123,0.423,24,66,0.364,40,64,0.625,7,48,55,42,7,1,29,24,168
Tre Jones,2020-21,00,1610612759,SAS,21.0,37,1,269.0,37,78,0.474,3,5,0.6,17,19,0.895,8,13,21,39,8,0,13,13,94
Saben Lee,2020-21,00,1610612765,DET,22.0,48,7,781.0,99,210,0.471,8,23,0.348,61,89,0.685,20,77,97,174,32,13,55,76,267
Kira Lewis Jr.,2020-21,00,1610612740,NOP,20.0,54,0,904.0,130,337,0.386,40,120,0.333,43,51,0.843,12,59,71,124,38,10,34,88,343
Theo Maledon,2020-21,00,1610612760,OKC,20.0,65,49,1778.0,226,614,0.368,105,313,0.335,101,135,0.748,25,186,211,227,56,11,141,126,658
Nico Mannion,2020-21,00,1610612744,GSW,20.0,30,1,364.0,39,114,0.342,22,60,0.367,23,28,0.821,6,40,46,70,16,1,31,29,123
Tyrese Maxey,2020-21,00,1610612755,PHI,20.0,61,8,936.0,198,429,0.462,31,103,0.301,61,70,0.871,11,93,104,120,26,13,41,79,488
Skylar Mays,2020-21,00,1610612737,ATL,23.0,33,0,269.0,44,98,0.449,14,40,0.35,22,25,0.88,10,25,35,30,14,2,9,15,124
Jaden McDaniels,2020-21,00,1610612750,MIN,20.0,63,27,1511.0,164,367,0.447,72,198,0.364,27,45,0.6,52,180,232,71,35,60,47,172,427
Sam Merrill,2020-21,00,1610612749,MIL,25.0,30,2,233.0,32,72,0.444,21,47,0.447,4,4,1.0,6,24,30,21,8,1,10,17,89
Aaron Nesmith,2020-21,00,1610612738,BOS,21.0,46,1,669.0,78,178,0.438,40,108,0.37,22,28,0.786,28,99,127,23,15,9,23,87,218
Zeke Nnaji,2020-21,00,1610612743,DEN,20.0,42,1,397.0,50,104,0.481,24,59,0.407,12,15,0.8,14,51,65,10,8,4,7,29,136
Jordan Nwora,2020-21,00,1610612749,MIL,22.0,30,2,274.0,62,135,0.459,28,62,0.452,19,25,0.76,9,51,60,7,17,8,24,22,171
Onyeka Okongwu,2020-21,00,1610612737,ATL,20.0,50,4,601.0,96,149,0.644,0,3,0.0,36,57,0.632,62,101,163,18,23,33,29,100,228
Isaac Okoro,2020-21,00,1610612739,CLE,20.0,67,67,2173.0,235,559,0.42,62,214,0.29,114,157,0.726,68,138,206,128,62,24,86,185,646
Daniel Oturu,2020-21,00,1610612746,LAC,21.0,30,0,161.0,22,52,0.423,1,5,0.2,9,12,0.75,21,27,48,10,4,7,9,24,54
Reggie Perry,2020-21,00,1610612751,BKN,21.0,26,0,211.0,32,78,0.41,4,21,0.19,10,13,0.769,27,46,73,14,6,6,15,40,78
Payton Pritchard,2020-21,00,1610612738,BOS,23.0,66,4,1268.0,184,418,0.44,102,248,0.411,40,45,0.889,33,125,158,120,37,9,53,104,510
Immanuel Quickley,2020-21,00,1610612752,NYK,22.0,64,3,1244.0,229,580,0.395,118,303,0.389,155,174,0.891,25,112,137,127,30,12,58,114,731
Jahmi'us Ramsey,2020-21,00,1610612758,SAC,20.0,13,0,94.0,15,38,0.395,5,19,0.263,5,5,1.0,2,8,10,6,4,1,3,8,40
Paul Reed,2020-21,00,1610612755,PHI,22.0,26,0,177.0,42,78,0.538,0,6,0.0,4,8,0.5,30,31,61,12,10,13,12,29,88
Nick Richards,2020-21,00,1610612766,CHA,23.0,18,0,63.0,4,9,0.444,0,1,0.0,7,11,0.636,4,7,11,2,0,0,3,7,15
Grant Riller,2020-21,00,1610612766,CHA,24.0,7,0,27.0,8,12,0.667,2,4,0.5,0,0,0.0,0,1,1,3,1,0,1,0,18
Jay Scrubb,2020-21,00,1610612746,LAC,20.0,4,1,84.0,14,36,0.389,2,9,0.222,5,5,1.0,2,12,14,1,4,0,7,5,35
Jalen Smith,2020-21,00,1610612756,PHX,21.0,27,1,156.0,22,50,0.44,4,17,0.235,5,7,0.714,7,30,37,4,1,4,7,16,53
Cassius Stanley,2020-21,00,1610612754,IND,21.0,24,0,93.0,13,43,0.302,3,13,0.231,7,9,0.778,8,12,20,1,1,2,1,14,36
Isaiah Stewart,2020-21,00,1610612765,DET,20.0,68,14,1455.0,226,409,0.553,21,63,0.333,64,92,0.696,159,294,453,59,39,86,67,184,537
Tyrell Terry,2020-21,00,1610612742,DAL,20.0,11,0,56.0,5,16,0.313,0,7,0.0,1,3,0.333,0,6,6,6,5,0,2,2,11
Killian Tillie,2020-21,00,1610612763,MEM,23.0,18,1,182.0,19,57,0.333,10,33,0.303,9,11,0.818,6,18,24,8,5,8,2,20,57
Xavier Tillman,2020-21,00,1610612763,MEM,22.0,59,12,1085.0,167,299,0.559,22,65,0.338,34,53,0.642,74,182,256,75,44,33,45,116,390
Obi Toppin,2020-21,00,1610612752,NYK,23.0,62,0,683.0,104,209,0.498,26,85,0.306,19,26,0.731,26,112,138,29,17,15,23,55,253
Devin Vassell,2020-21,00,1610612759,SAS,20.0,62,7,1056.0,123,303,0.406,52,150,0.347,43,51,0.843,24,150,174,56,43,18,22,88,341
Patrick Williams,2020-21,00,1610612741,CHI,19.0,71,71,1983.0,255,528,0.483,54,138,0.391,91,125,0.728,66,261,327,99,64,46,98,126,655
Cassius Winston,2020-21,00,1610612764,WAS,23.0,22,0,98.0,14,33,0.424,8,17,0.471,5,6,0.833,0,9,9,12,2,1,5,8,41
James Wiseman,2020-21,00,1610612744,GSW,20.0,39,27,836.0,191,368,0.519,12,38,0.316,54,86,0.628,55,171,226,26,11,36,60,121,448
Robert Woodard II,2020-21,00,1610612758,SAC,21.0,13,0,45.0,8,20,0.4,1,6,0.167,3,8,0.375,4,12,16,2,0,3,1,4,20
