PLAYER_ID,SEASON_ID,LEAGUE_ID,TEAM_ID,TEAM_ABBREVIATION,PLAYER_AGE,GP,GS,MIN,FGM,FGA,FG_PCT,FG3M,FG3A,FG3_PCT,FTM,FTA,FT_PCT,OREB,DREB,REB,AST,STL,BLK,TOV,PF,PTS
Justin Anderson,2015-16,00,1610612742,DAL,22.0,55,9,647.0,71,175,0.406,22,83,0.265,44,55,0.8,18,114,132,29,19,25,24,45,208
Devin Booker,2015-16,00,1610612756,PHX,19.0,76,51,2108.0,367,867,0.423,99,289,0.343,215,256,0.84,27,160,187,200,44,20,160,225,1048
Anthony Brown,2015-16,00,1610612747,LAL,23.0,29,11,599.0,39,126,0.31,20,70,0.286,17,20,0.85,9,61,70,19,14,5,15,34,115
Willie Cauley-Stein,2015-16,00,1610612758,SAC,22.0,66,39,1412.0,191,339,0.563,0,2,0.0,81,125,0.648,134,218,352,37,47,66,46,146,463
Rakeem Christmas,2015-16,00,1610612754,IND,24.0,1,0,6.0,2,2,1.0,0,0,0.0,0,0,0.0,1,0,1,0,0,0,0,1,4
Pat Connaughton,2015-16,00,1610612757,POR,23.0,34,0,143.0,13,49,0.265,5,21,0.238,5,5,1.0,11,21,32,10,2,0,10,6,36
Branden Dawson,2015-16,00,1610612746,LAC,23.0,6,0,29.0,2,5,0.4,0,0,0.0,1,1,1.0,2,2,4,0,0,1,0,2,5
Sam Dekker,2015-16,00,1610612745,HOU,22.0,3,0,6.0,0,0,0.0,0,0,0.0,0,0,0.0,0,1,1,0,1,0,0,0,0
Jerian Grant,2015-16,00,1610612752,NYK,23.0,76,6,1265.0,154,391,0.394,22,100,0.22,96,123,0.78,23,120,143,177,50,10,87,97,426
Montrezl Harrell,2015-16,00,1610612745,HOU,22.0,39,1,379.0,58,90,0.644,0,1,0.0,24,46,0.522,25,40,65,17,11,11,17,48,140
Mario Hezonja,2015-16,00,1610612753,ORL,21.0,79,9,1413.0,181,418,0.433,67,192,0.349,49,54,0.907,28,148,176,109,39,17,97,124,478
Darrun Hilliard,2015-16,00,1610612765,DET,23.0,38,2,383.0,52,131,0.397,19,50,0.38,29,40,0.725,5,40,45,27,9,1,19,28,152
Richaun Holmes,2015-16,00,1610612755,PHI,22.0,51,1,702.0,114,222,0.514,8,44,0.182,51,74,0.689,62,73,135,33,19,40,32,92,287
Stanley Johnson,2015-16,00,1610612765,DET,20.0,73,6,1687.0,225,600,0.375,63,205,0.307,80,102,0.784,58,248,306,118,55,12,114,178,593
Tyus Jones,2015-16,00,1610612750,MIN,20.0,37,0,573.0,56,156,0.359,16,53,0.302,28,39,0.718,7,40,47,108,31,3,33,33,156
Frank Kaminsky,2015-16,00,1610612766,CHA,23.0,81,3,1708.0,215,525,0.41,68,202,0.337,108,148,0.73,69,266,335,98,38,43,58,126,606
Kevon Looney,2015-16,00,1610612744,GSW,20.0,5,0,21.0,4,7,0.571,1,2,0.5,0,0,0.0,4,6,10,0,0,0,1,2,9
Trey Lyles,2015-16,00,1610612762,UTA,20.0,80,33,1382.0,191,436,0.438,49,128,0.383,57,82,0.695,59,240,299,59,26,18,65,114,488
Jarell Martin,2015-16,00,1610612763,MEM,22.0,27,0,380.0,54,116,0.466,0,2,0.0,45,62,0.726,39,47,86,15,8,7,19,58,153
Chris McCullough,2015-16,00,1610612751,BKN,21.0,24,4,362.0,44,109,0.404,13,34,0.382,11,23,0.478,25,43,68,9,28,12,15,39,112
Jordan Mickey,2015-16,00,1610612738,BOS,21.0,16,0,57.0,8,22,0.364,0,0,0.0,5,10,0.5,6,7,13,1,0,11,1,5,21
Emmanuel Mudiay,2015-16,00,1610612743,DEN,20.0,68,66,2068.0,329,905,0.364,74,232,0.319,140,209,0.67,32,200,232,372,65,35,217,141,872
Larry Nance Jr.,2015-16,00,1610612747,LAL,23.0,63,22,1266.0,158,300,0.527,1,10,0.1,32,47,0.681,101,211,312,44,54,23,41,124,349
Jahlil Okafor,2015-16,00,1610612755,PHI,20.0,53,48,1591.0,397,781,0.508,1,6,0.167,133,194,0.686,122,251,373,65,22,61,124,140,928
Cameron Payne,2015-16,00,1610612760,OKC,21.0,57,1,698.0,114,278,0.41,36,111,0.324,19,24,0.792,9,76,85,108,36,6,44,80,283
Bobby Portis,2015-16,00,1610612741,CHI,21.0,62,4,1102.0,186,436,0.427,16,52,0.308,48,66,0.727,123,214,337,52,25,22,54,100,436
Norman Powell,2015-16,00,1610612761,TOR,23.0,49,24,725.0,97,229,0.424,36,89,0.404,43,53,0.811,16,95,111,47,29,10,32,59,273
Josh Richardson,2015-16,00,1610612748,MIA,22.0,52,2,1107.0,123,272,0.452,53,115,0.461,42,63,0.667,21,86,107,73,36,25,35,107,341
Terry Rozier,2015-16,00,1610612738,BOS,22.0,39,0,311.0,29,106,0.274,6,27,0.222,8,10,0.8,24,39,63,37,6,1,19,23,72
D'Angelo Russell,2015-16,00,1610612747,LAL,20.0,80,48,2259.0,392,956,0.41,130,370,0.351,140,190,0.737,47,227,274,266,93,13,196,142,1054
Karl-Anthony Towns,2015-16,00,1610612750,MIN,20.0,82,82,2627.0,625,1153,0.542,30,88,0.341,223,275,0.811,229,629,858,161,58,138,183,245,1503
Myles Turner,2015-16,00,1610612754,IND,20.0,60,30,1367.0,264,530,0.498,3,14,0.214,88,121,0.727,68,264,332,41,25,86,67,158,619
Rashad Vaughn,2015-16,00,1610612749,MIL,19.0,70,6,1001.0,81,266,0.305,43,147,0.293,12,15,0.8,11,77,88,39,29,16,28,73,217
Justise Winslow,2015-16,00,1610612748,MIA,20.0,78,8,2232.0,195,462,0.422,32,116,0.276,80,117,0.684,81,322,403,118,68,26,95,184,502
Delon Wright,2015-16,00,1610612761,TOR,24.0,27,1,229.0,36,80,0.45,5,13,0.385,26,35,0.743,8,29,37,31,8,3,16,7,103
Joe Young,2015-16,00,1610612754,IND,24.0,41,0,384.0,62,169,0.367,10,46,0.217,20,25,0.8,6,44,50,65,15,0,33,30,154
