PLAYER_ID,SEASON_ID,LEAGUE_ID,TEAM_ID,TEAM_ABBREVIATION,PLAYER_AGE,GP,GS,MIN,FGM,FGA,FG_PCT,FG3M,FG3A,FG3_PCT,FTM,FTA,FT_PCT,OREB,DREB,REB,AST,STL,BLK,TOV,PF,PTS
Ochai Agbaji,2022-23,00,1610612762,UTA,23.0,59,22,1209.0,165,386,0.427,81,228,0.355,56,69,0.812,43,78,121,67,16,15,41,99,467
Patrick Baldwin Jr.,2022-23,00,1610612744,GSW,20.0,31,0,226.0,43,109,0.394,32,84,0.381,4,6,0.667,1,39,40,11,6,4,11,14,122
Paolo Banchero,2022-23,00,1610612753,ORL,20.0,72,72,2430.0,479,1122,0.427,85,285,0.298,394,534,0.738,84,413,497,269,60,39,200,160,1437
Dominick Barlow,2022-23,00,1610612759,SAS,20.0,28,0,408.0,46,86,0.535,0,4,0.0,18,25,0.72,46,56,102,24,10,19,15,56,110
MarJon Beauchamp,2022-23,00,1610612749,MIL,22.0,52,11,701.0,96,243,0.395,47,142,0.331,27,37,0.73,38,77,115,35,21,7,45,71,266
Malaki Branham,2022-23,00,1610612759,SAS,20.0,66,32,1550.0,269,611,0.44,77,255,0.302,58,70,0.829,28,153,181,127,33,7,76,115,673
Christian Braun,2022-23,00,1610612743,DEN,22.0,76,6,1181.0,143,289,0.495,34,96,0.354,40,64,0.625,48,133,181,59,41,17,35,101,360
Kendall Brown,2022-23,00,1610612754,IND,20.0,6,0,40.0,4,7,0.571,0,1,0.0,1,2,0.5,2,4,6,3,4,0,2,9,9
Julian Champagnie,2022-23,00,1610612755,PHI,22.0,2,0,7.0,0,2,0.0,0,1,0.0,0,0,0.0,0,0,0,0,1,0,0,0,0
Julian Champagnie,2022-23,00,1610612759,SAS,22.0,15,3,313.0,59,128,0.461,33,81,0.407,14,17,0.824,10,50,60,10,5,5,11,26,165
Julian Champagnie,2022-23,00,0,TOT,22.0,17,3,320.0,59,130,0.454,33,82,0.402,14,17,0.824,10,50,60,10,6,5,11,26,165
Kennedy Chandler,2022-23,00,1610612763,MEM,20.0,36,0,282.0,35,83,0.422,2,15,0.133,6,13,0.462,9,29,38,58,12,5,18,15,78
Max Christie,2022-23,00,1610612747,LAL,20.0,41,3,512.0,44,106,0.415,26,62,0.419,14,16,0.875,7,68,75,21,9,7,13,33,128
Dyson Daniels,2022-23,00,1610612740,NOP,20.0,59,11,1042.0,87,208,0.418,27,86,0.314,26,40,0.65,36,152,188,134,43,11,57,99,227
Johnny Davis,2022-23,00,1610612764,WAS,21.0,28,5,423.0,66,171,0.386,17,70,0.243,14,27,0.519,10,55,65,28,10,8,17,48,163
JD Davison,2022-23,00,1610612738,BOS,20.0,12,0,66.0,8,19,0.421,2,7,0.286,1,2,0.5,2,7,9,11,2,2,4,5,19
Ousmane Dieng,2022-23,00,1610612760,OKC,20.0,39,1,569.0,76,181,0.42,26,98,0.265,15,23,0.652,19,86,105,46,14,7,26,42,193
Jalen Duren,2022-23,00,1610612765,DET,19.0,67,31,1670.0,258,398,0.648,0,2,0.0,96,157,0.611,229,366,595,75,44,59,92,182,612
Tari Eason,2022-23,00,1610612745,HOU,22.0,82,5,1767.0,296,660,0.448,59,172,0.343,109,145,0.752,195,301,496,88,96,47,101,189,760
Keon Ellis,2022-23,00,1610612758,SAC,23.0,16,0,71.0,7,16,0.438,6,12,0.5,4,7,0.571,4,4,8,6,5,1,1,10,24
Michael Foster Jr.,2022-23,00,1610612755,PHI,20.0,1,0,1.0,0,0,0.0,0,0,0.0,0,0,0.0,0,0,0,0,0,0,0,0,0
AJ Griffin,2022-23,00,1610612737,ATL,19.0,72,12,1401.0,248,533,0.465,101,259,0.39,42,47,0.894,37,116,153,73,42,12,42,87,639
Jordan Hall,2022-23,00,1610612759,SAS,21.0,9,0,83.0,9,28,0.321,3,15,0.2,7,9,0.778,3,9,12,11,1,0,7,6,28
Jaden Hardy,2022-23,00,1610612742,DAL,20.0,48,5,708.0,146,333,0.438,63,156,0.404,65,79,0.823,11,78,89,65,17,7,46,64,420
Ron Harper Jr.,2022-23,00,1610612761,TOR,23.0,9,0,48.0,8,16,0.5,3,9,0.333,1,1,1.0,3,4,7,4,0,1,0,3,20
Caleb Houstan,2022-23,00,1610612753,ORL,20.0,51,4,812.0,66,182,0.363,46,136,0.338,15,18,0.833,34,65,99,30,12,7,18,63,193
Jaden Ivey,2022-23,00,1610612765,DET,21.0,74,73,2304.0,409,983,0.416,120,350,0.343,266,356,0.747,73,215,288,387,61,17,237,242,1204
Nikola Jović,2022-23,00,1610612748,MIA,20.0,15,8,204.0,28,69,0.406,8,35,0.229,18,19,0.947,9,22,31,10,7,2,10,19,82
Johnny Juzang,2022-23,00,1610612762,UTA,22.0,18,0,232.0,35,104,0.337,15,63,0.238,2,4,0.5,8,31,39,8,4,3,3,13,87
Trevor Keels,2022-23,00,1610612752,NYK,19.0,3,0,8.0,1,4,0.25,1,4,0.25,0,0,0.0,0,2,2,0,0,0,0,0,3
Walker Kessler,2022-23,00,1610612762,UTA,21.0,74,40,1703.0,298,414,0.72,1,3,0.333,82,159,0.516,231,389,620,69,26,173,58,169,679
Christian Koloko,2022-23,00,1610612761,TOR,23.0,58,19,802.0,72,150,0.48,1,12,0.083,37,59,0.627,84,87,171,31,21,57,20,128,182
Jake LaRavia,2022-23,00,1610612763,MEM,21.0,35,0,414.0,37,95,0.389,24,71,0.338,7,9,0.778,19,44,63,21,12,4,18,49,105
Kenneth Lofton Jr.,2022-23,00,1610612763,MEM,20.0,24,1,176.0,49,93,0.527,6,17,0.353,16,27,0.593,19,32,51,20,5,2,12,28,120
Tyrese Martin,2022-23,00,1610612737,ATL,24.0,16,0,66.0,9,23,0.391,1,7,0.143,2,2,1.0,5,7,12,2,1,0,2,2,21
Bennedict Mathurin,2022-23,00,1610612754,IND,21.0,78,17,2222.0,413,951,0.434,100,310,0.323,376,454,0.828,87,231,318,116,48,13,152,162,1302
Bryce McGowens,2022-23,00,1610612766,CHA,20.0,46,7,787.0,80,202,0.396,26,80,0.325,60,80,0.75,20,73,93,54,15,6,43,48,246
Josh Minott,2022-23,00,1610612750,MIN,20.0,15,0,96.0,18,36,0.5,2,6,0.333,8,8,1.0,5,20,25,5,4,6,3,10,46
Isaiah Mobley,2022-23,00,1610612739,CLE,23.0,12,0,84.0,12,28,0.429,3,8,0.375,4,4,1.0,4,16,20,3,4,3,1,8,31
Keegan Murray,2022-23,00,1610612758,SAC,22.0,80,78,2382.0,354,782,0.453,206,501,0.411,62,81,0.765,89,282,371,98,61,42,60,162,976
Andrew Nembhard,2022-23,00,1610612754,IND,23.0,75,63,2074.0,284,644,0.441,92,263,0.35,49,62,0.79,35,164,199,341,70,13,126,179,709
Orlando Robinson,2022-23,00,1610612748,MIA,22.0,31,1,425.0,47,89,0.528,0,6,0.0,22,31,0.71,48,78,126,25,12,12,16,53,116
David Roddy,2022-23,00,1610612763,MEM,22.0,70,4,1259.0,180,420,0.429,65,212,0.307,41,65,0.631,50,143,193,59,29,19,57,107,466
Ryan Rollins,2022-23,00,1610612744,GSW,20.0,12,0,62.0,7,20,0.35,3,9,0.333,6,6,1.0,3,9,12,6,1,1,16,10,23
Dereon Seabron,2022-23,00,1610612740,NOP,23.0,5,0,12.0,2,5,0.4,0,0,0.0,0,0,0.0,1,0,1,0,0,0,0,1,4
Shaedon Sharpe,2022-23,00,1610612757,POR,20.0,80,15,1779.0,306,648,0.472,102,283,0.36,75,105,0.714,63,173,236,94,38,24,83,136,789
Jeremy Sochan,2022-23,00,1610612759,SAS,20.0,56,53,1458.0,250,552,0.453,33,134,0.246,81,116,0.698,95,200,295,142,43,23,97,138,614
Dalen Terry,2022-23,00,1610612741,CHI,20.0,38,0,214.0,32,72,0.444,7,27,0.259,14,21,0.667,12,25,37,22,11,5,8,24,85
Jabari Walker,2022-23,00,1610612757,POR,20.0,56,0,619.0,83,198,0.419,16,56,0.286,34,45,0.756,48,83,131,34,10,13,29,69,216
Peyton Watson,2022-23,00,1610612743,DEN,20.0,23,2,186.0,29,59,0.492,6,14,0.429,11,20,0.55,8,29,37,11,2,11,8,14,75
Blake Wesley,2022-23,00,1610612759,SAS,20.0,37,1,669.0,69,215,0.321,20,52,0.385,26,44,0.591,12,70,82,98,25,5,65,67,184
Alondes Williams,2022-23,00,1610612751,BKN,24.0,1,0,5.0,0,0,0.0,0,0,0.0,0,0,0.0,0,1,1,0,0,0,2,1,0
Jalen Williams,2022-23,00,1610612760,OKC,22.0,75,62,2276.0,414,794,0.521,73,205,0.356,155,191,0.812,84,253,337,248,103,35,123,191,1056
Jaylin Williams,2022-23,00,1610612760,OKC,21.0,49,36,914.0,102,234,0.436,46,113,0.407,38,54,0.704,44,197,241,76,28,12,37,111,288
Mark Williams,2022-23,00,1610612766,CHA,21.0,43,17,828.0,160,251,0.637,0,0,0.0,67,97,0.691,93,211,304,18,28,45,40,94,387
Vince Williams Jr.,2022-23,00,1610612763,MEM,22.0,15,1,105.0,12,40,0.3,4,28,0.143,2,2,1.0,4,11,15,4,6,2,5,12,30
